c1 = (m5 + m8 - m9 + m11 + m13 - m16)
c2 = (m16 + m18 + m23)
c3 = ( - m3 + m6 - m7 + m11 + m16)
c4 = (m2 + m4 + m5 - m9 + m10 + m12 - m16 + m22)
c5 = (m1 - m3 + m10 + m16 + m17 - m19)
c6 = (m1 - m3 + m6 + m10 + m16)
c7 = ( - m4 + m5 - m9 + m14 - m16)
c8 = (m4 - m5 + m15 + m16 - m21)
c9 = ( - m1 + m2 - m3 + m6 - m7 - m8 + m14 + m16 + m20)

res_mul_num: [6, 4, 5, 8, 6, 5, 5, 5, 9]

res_add_num: [21, 13, 14, 27, 18, 14, 12, 14, 36]

Sorted indices: [8, 3, 0, 4, 2, 5, 7, 1, 6]
level0:
add0: b4 + b6
add1: b7 + b8
add2: b7 + b9
mul3: a1 * b3
add3: b5 + b6
add4: b8 + b9

level1:
mul0: b2 * add0
mul1: b2 * add1
mul2: b1 * add2
mul4: b4 * add3
mul5: b3 * add4

bias：
key: (4, 5), bias: 5
key: (1, 4), bias: 4
key: (1, 5), bias: 2
Unexpected coefficient: v(3,1):-2
Unexpected coefficient: v(3,11):2
Unexpected coefficient: u(6,17):2
Unexpected coefficient: u(8,17):2
Unexpected coefficient: v(3,19):2
Unexpected coefficient: u(6,22):2
Unexpected coefficient: u(8,22):2
Unexpected coefficient: w(1,10):-2
arr0:
[[0.12240079 0.39951025 0.77271941]
 [0.22332677 0.01721673 0.44469332]
 [0.06700445 0.68859103 0.38833981]]
arr1:
[[0.13879363 0.48596975 0.26902661]
 [0.39051866 0.11744778 0.51670687]
 [0.00241302 0.66511293 0.66866002]]
res:
[[0.17486925 0.62035034 0.75604534]
 [0.03879284 0.4063234  0.36632549]
 [0.27914451 0.37172545 0.633493  ]]
res_ref:
[[0.17486925 0.62035034 0.75604534]
 [0.03879284 0.4063234  0.36632549]
 [0.27914451 0.37172545 0.633493  ]]

Result: True

