c1 = (m1 + m4 + m5 - m7 - m12 + m19 - m24 + m33)
c2 = (m1 - m2 + m4 - m26 - m27 + m33 + m34)
c3 = (m5 - m6 - m7 - m12 - m15 + m25 - m27 + m29)
c4 = ( - m1 - m6 + m8 - m18 - m19 + m21 + m23 + m30)
c5 = (m3 + m9 - m10 - m13 - m25 + m27 + m33 + m38)
c6 = (m8 - m10 - m13 - m18 - m25 + m27 + m28 - m29 + m30 + m33)
c7 = ( - m2 + m5 - m9 - m19 - m20 + m22 + m30 - m31)
c8 = ( - m9 - m12 + m16 - m20 + m30 - m34 - m36 - m37)
c9 = (m3 - m8 - m12 + m16 - m17 + m29 - m34 + m35 - m36)
c10 = ( - m4 + m7 + m12 - m14 + m24 - m30 - m33)
c11 = (m12 - m16 + m20 - m30 + m32 - m33 + m37)
c12 = (m11 + m12 + m13 + m18 - m28 - m30 - m33)

res_mul_num: [8, 7, 8, 8, 8, 10, 8, 8, 9, 7, 7, 7]

res_add_num: [27, 22, 27, 29, 35, 38, 27, 27, 33, 23, 23, 23]

Sorted indices: [5, 4, 8, 3, 0, 2, 6, 7, 9, 10, 11, 1]
level0:
add0: b2 + b7
add1: b7 + b9
add2: b1 + b11
add3: b2 + b9
add4: b9 + b12
add5: b3 + b4
add6: b6 + b8

level1:
mul0: add0 * add1
mul1: add2 * add3
mul2: b4 * add4
mul3: b12 * add5
mul4: b8 * add6

bias：
Unexpected coefficient: u(0,21):-2
Unexpected coefficient: v(10,30):-2
Unexpected coefficient: v(14,30):-2
arr0:
[[0.941676   0.70448014 0.1579187  0.89867815]
 [0.45402062 0.80184774 0.20995815 0.65199276]
 [0.16665679 0.95267535 0.46336196 0.94937465]]
arr1:
[[0.4958113  0.4645289  0.14249071 0.38600696]
 [0.62377765 0.77998897 0.08736988 0.27172686]
 [0.43321926 0.79323119 0.78178435 0.35373618]
 [0.9692238  0.95803423 0.54527008 0.60444476]]
res:
[[1.84576625 1.97315293 0.80921111 1.15398252]
 [1.44816807 1.62751483 0.65440521 0.86150208]
 [1.79778175 2.09757973 0.9868969  1.06095058]]
res_ref:
[[1.84576625 1.97315293 0.80921111 1.15398252]
 [1.44816807 1.62751483 0.65440521 0.86150208]
 [1.79778175 2.09757973 0.9868969  1.06095058]]

Result: True

