c1 = (m17 + m30 + m31 + m36 - m38 + m42 + m47 + m51)
c2 = (m16 + m17 - m22 + m26 + m30 + m31 - m43 + m44 + m47 + m55)
c3 = ( - m7 + m12 + m13 + m17 + m30 + m31 - m49 - m54 + m58)
c4 = ( - m5 + m17 - m19 + m29 + m31 - m34 + m35 + m36 + m39 - m40 - m41 + m42 + m44 + m47 + m51)
c5 = ( - m6 + m11 + m28 + m29 + m31 - m34 + m35 + m36 - m37 + m39 - m43 + m44 + m47 + m53)
c6 = (m1 - m4 - m5 + m9 + m17 - m19 - m32 - m40 + m42 + m57 + m58)
c7 = ( - m19 - m27 + m35 + m39 - m40 - m41 + m44 - m52)
c8 = (m18 - m19 + m21 - m23 - m27 + m39 - m43 + m44 + m47 + m50)
c9 = (m8 + m10 + m14 - m19 - m27 + m39 - m48 + m49)
c10 = (m5 - m6 + m20 + m21 - m22 - m24 - m25 - m27 + m30 + m46)
c11 = ( - m11 + m16 + m17 + m18 - m19 + m20 + m21 - m22 - m23 - m24 + m26 - m27 - m28 + m30 + m46)
c12 = (m2 - m3 + m9 - m11 + m16 + m17 + m18 - m19 + m33 + m56)
c13 = ( - m2 - m4 + m7 + m10 - m27 - m29 - m30 + m45 - m46)
c14 = ( - m1 - m3 + m8 - m12 - m15 + m24 + m28 - m31 + m39 - m46)
c15 = ( - m1 - m2 + m7 + m8 - m9 + m10 - m12 - m13 + m14 - m27 - m30 - m31 + m39)

res_mul_num: [8, 10, 9, 15, 14, 11, 8, 10, 8, 10, 15, 10, 9, 10, 13]

res_add_num: [34, 41, 29, 68, 71, 41, 34, 41, 26, 49, 62, 39, 31, 37, 48]

Sorted indices: [4, 3, 10, 14, 9, 5, 1, 7, 11, 13, 0, 6, 12, 2, 8]
level0:
add0: b6 + b13
add1: b5 + b14
add2: b1 + b14
add3: b5 + b17
add4: b11 + b12
add5: b11 + b15
add6: b4 + b5
add7: b2 + b4
add8: b7 + b8
add9: b8 + b10
add10: b12 + b15
add11: b12 + b15
add12: b8 + b21

level1:
mul0: add0 * add1
mul1: add2 * add3
mul2: b1 * add4
mul3: b3 * add5
mul4: b18 * add6
mul5: b16 * add7
mul6: b11 * add8
mul7: b13 * add9
mul8: b8 * add10
mul9: add11 * add12

bias：
arr0:
[[0.19811799 0.42902307 0.01142757 0.25088818 0.30866129]
 [0.07213209 0.51522242 0.23611086 0.07189499 0.81419011]
 [0.53374437 0.27292334 0.73614552 0.02960407 0.00967948]]
arr1:
[[0.45032245 0.13048169 0.73752417 0.27067287 0.14690477]
 [0.22321046 0.86457959 0.00350203 0.06208273 0.88839063]
 [0.30148447 0.40166773 0.583545   0.26904095 0.96959075]
 [0.03893432 0.57678851 0.01154705 0.98428852 0.69016807]
 [0.19549211 0.75541464 0.69979061 0.31255746 0.80624621]]
res:
[[0.25853366 0.77924213 0.37318306 0.42675531 0.84333663]
 [0.38063642 1.20622016 0.76337757 0.4402807  1.40330354]
 [0.52625773 0.62568102 0.83129464 0.39163157 1.06286783]]
res_ref:
[[0.25853366 0.77924213 0.37318306 0.42675531 0.84333663]
 [0.38063642 1.20622016 0.76337757 0.4402807  1.40330354]
 [0.52625773 0.62568102 0.83129464 0.39163157 1.06286783]]

Result: True

