c1 = (m5 - m6 + m9 + m15 + m18 - m20 + m22 + m23 + m24 + m26 + m57 - m58 + m61 + m67 + m70 - m72 + m74 + m75 + m76 + m78 + m126 + m127 + m131 + m132 + m135 + m136 + m138 + m143 - m144 + m147 + m153 + m156 - m158 + m160 + m161 + m162 + m164 - m169 + m170 - m173 - m179 - m182 + m184 - m186 - m187 - m188 - m190 - m191 - m192 + m194 - m195 - m197 - m201 + m210 - m211 + m214 + m220 + m223 - m225 + m227 + m228 + m229 + m231 + m236 - m237 + m240 + m246 + m249 - m251 + m253 + m254 + m255 + m257 - m329 + m333 + m336 + m337 - m338 - m341)
c2 = ( - m6 + m8 - m13 - m14 + m15 + m23 + m25 - m58 + m60 - m65 - m66 + m67 + m75 + m77 - m124 + m128 + m129 - m131 - m132 + m137 - m138 - m144 + m146 - m151 - m152 + m153 + m161 + m163 + m170 - m172 + m177 + m178 - m179 - m187 - m189 - m191 - m197 + m200 - m201 - m204 - m211 + m213 - m218 - m219 + m220 + m228 + m230 - m237 + m239 - m244 - m245 + m246 + m254 + m256 + m333 - m339 + m342)
c3 = ( - m5 + m6 - m9 - m15 - m18 + m20 - m22 - m23 - m24 - m26 + m31 - m32 + m35 + m41 + m44 - m46 + m48 + m49 + m50 + m52 + m169 - m170 + m173 + m179 + m182 - m184 + m186 + m187 + m188 + m190 - m309 + m313 + m316 + m317 - m318 - m321)
c4 = (m6 - m8 + m13 + m14 - m15 - m23 - m25 - m32 + m34 - m39 - m40 + m41 + m49 + m51 - m170 + m172 - m177 - m178 + m179 + m187 + m189 + m313 - m319 + m322)
c5 = (m2 + m3 + m10 + m11 + m12 + m13 - m15 + m16 + m54 + m55 + m62 + m63 + m64 + m65 - m67 + m68 + m119 + m120 + m121 + m122 + m124 + m132 + m133 + m140 + m141 + m148 + m149 + m150 + m151 - m153 + m154 - m166 - m167 - m174 - m175 - m176 - m177 + m179 - m180 - m196 - m198 - m199 + m201 + m203 + m207 + m208 + m215 + m216 + m217 + m218 - m220 + m221 + m233 + m234 + m241 + m242 + m243 + m244 - m246 + m247 - m324 + m325 + m341)
c6 = ( - m7 + m10 + m13 + m14 - m15 + m17 - m59 + m62 + m65 + m66 - m67 + m69 - m122 + m123 - m124 + m128 - m131 - m132 + m134 - m145 + m148 + m151 + m152 - m153 + m155 + m171 - m174 - m177 - m178 + m179 - m181 + m197 - m199 - m200 + m201 - m202 - m212 + m215 + m218 + m219 - m220 + m222 - m238 + m241 + m244 + m245 - m246 + m248 + m325 - m326 + m327 - m328 - m329 - m342)
c7 = ( - m2 - m3 - m10 - m11 - m12 - m13 + m15 - m16 + m28 + m29 + m36 + m37 + m38 + m39 - m41 + m42 + m166 + m167 + m174 + m175 + m176 + m177 - m179 + m180 - m304 + m305 + m321)
c8 = (m7 - m10 - m13 - m14 + m15 - m17 - m33 + m36 + m39 + m40 - m41 + m43 - m171 + m174 + m177 + m178 - m179 + m181 + m305 - m306 + m307 - m308 - m309 - m322)
c9 = ( - m16 - m19 + m20 + m22 + m23 + m24 - m68 - m71 + m72 + m74 + m75 + m76 - m120 - m121 - m122 - m124 + m125 + m127 + m136 - m154 - m157 + m158 + m160 + m161 + m162 + m180 + m183 - m184 - m186 - m187 - m188 + m193 + m194 - m198 - m199 + m203 - m221 - m224 + m225 + m227 + m228 + m229 - m247 - m250 + m251 + m253 + m254 + m255 - m332 + m338 + m340 + m341)
c10 = ( - m8 + m9 + m11 - m17 - m19 - m21 + m22 + m23 - m60 + m61 + m63 - m69 - m71 - m73 + m74 + m75 + m121 + m122 - m125 + m126 + m129 + m130 + m137 - m146 + m147 + m149 - m155 - m157 - m159 + m160 + m161 + m172 - m173 - m175 + m181 + m183 + m185 - m186 - m187 + m192 + m193 - m198 - m199 - m204 - m205 - m213 + m214 + m216 - m222 - m224 - m226 + m227 + m228 - m239 + m240 + m242 - m248 - m250 - m252 + m253 + m254 + m331 - m334 + m336 + m339 + m340 + m342 - m343)
c11 = (m16 + m19 - m20 - m22 - m23 - m24 - m42 - m45 + m46 + m48 + m49 + m50 - m180 - m183 + m184 + m186 + m187 + m188 - m312 + m318 + m320 + m321)
c12 = (m8 - m9 - m11 + m17 + m19 + m21 - m22 - m23 - m34 + m35 + m37 - m43 - m45 - m47 + m48 + m49 - m172 + m173 + m175 - m181 - m183 - m185 + m186 + m187 + m311 - m314 + m316 + m319 + m320 + m322 - m323)
c13 = (m1 + m2 + m5 - m6 + m9 + m18 - m20 + m53 + m54 + m57 - m58 + m61 + m70 - m72 + m139 + m140 + m143 - m144 + m147 + m156 - m158 - m165 - m166 - m169 + m170 - m173 - m182 + m184 + m206 + m207 + m210 - m211 + m214 + m223 - m225 + m232 + m233 + m236 - m237 + m240 + m249 - m251 + m324 - m326 - m330 + m331 + m332 - m335 - m341)
c14 = (m1 - m3 + m4 + m5 - m6 - m7 + m8 + m53 - m55 + m56 + m57 - m58 - m59 + m60 + m139 - m141 + m142 + m143 - m144 - m145 + m146 - m165 + m167 - m168 - m169 + m170 + m171 - m172 + m206 - m208 + m209 + m210 - m211 - m212 + m213 + m232 - m234 + m235 + m236 - m237 - m238 + m239 + m328 + m334 - m335 - m342)
c15 = ( - m1 - m2 - m5 + m6 - m9 - m18 + m20 + m27 + m28 + m31 - m32 + m35 + m44 - m46 + m165 + m166 + m169 - m170 + m173 + m182 - m184 + m304 - m306 - m310 + m311 + m312 - m315 - m321)
c16 = ( - m1 + m3 - m4 - m5 + m6 + m7 - m8 + m27 - m29 + m30 + m31 - m32 - m33 + m34 + m165 - m167 + m168 + m169 - m170 - m171 + m172 + m308 + m314 - m315 - m322)
c17 = (m106 + m107 + m111 + m112 + m115 + m116 + m118 + m126 + m127 + m131 + m132 + m135 + m136 + m138 - m143 + m144 - m147 - m153 - m156 + m158 - m160 - m161 - m162 - m164 + m169 - m170 + m173 + m179 + m182 - m184 + m186 + m187 + m188 + m190 + m191 + m192 - m194 + m195 + m197 + m201)
c18 = ( - m104 + m108 + m109 - m111 - m112 + m117 - m118 - m124 + m128 + m129 - m131 - m132 + m137 - m138 + m144 - m146 + m151 + m152 - m153 - m161 - m163 - m170 + m172 - m177 - m178 + m179 + m187 + m189 + m191 + m197 - m200 + m201 + m204)
c19 = (m31 - m32 + m35 + m41 + m44 - m46 + m48 + m49 + m50 + m52 + m57 - m58 + m61 + m67 + m70 - m72 + m74 + m75 + m76 + m78 - m86 - m87 - m91 - m92 - m95 - m96 - m98 - m106 - m107 - m111 - m112 - m115 - m116 - m118 + m143 - m144 + m147 + m153 + m156 - m158 + m160 + m161 + m162 + m164 - m169 + m170 - m173 - m179 - m182 + m184 - m186 - m187 - m188 - m190)
c20 = ( - m32 + m34 - m39 - m40 + m41 + m49 + m51 - m58 + m60 - m65 - m66 + m67 + m75 + m77 + m84 - m88 - m89 + m91 + m92 - m97 + m98 + m104 - m108 - m109 + m111 + m112 - m117 + m118 - m144 + m146 - m151 - m152 + m153 + m161 + m163 + m170 - m172 + m177 + m178 - m179 - m187 - m189)
c21 = (m99 + m100 + m101 + m102 + m104 + m112 + m113 + m119 + m120 + m121 + m122 + m124 + m132 + m133 - m140 - m141 - m148 - m149 - m150 - m151 + m153 - m154 + m166 + m167 + m174 + m175 + m176 + m177 - m179 + m180 + m196 + m198 + m199 - m201 - m203)
c22 = ( - m102 + m103 - m104 + m108 - m111 - m112 + m114 - m122 + m123 - m124 + m128 - m131 - m132 + m134 + m145 - m148 - m151 - m152 + m153 - m155 - m171 + m174 + m177 + m178 - m179 + m181 - m197 + m199 + m200 - m201 + m202)
c23 = (m28 + m29 + m36 + m37 + m38 + m39 - m41 + m42 + m54 + m55 + m62 + m63 + m64 + m65 - m67 + m68 - m79 - m80 - m81 - m82 - m84 - m92 - m93 - m99 - m100 - m101 - m102 - m104 - m112 - m113 + m140 + m141 + m148 + m149 + m150 + m151 - m153 + m154 - m166 - m167 - m174 - m175 - m176 - m177 + m179 - m180)
c24 = ( - m33 + m36 + m39 + m40 - m41 + m43 - m59 + m62 + m65 + m66 - m67 + m69 + m82 - m83 + m84 - m88 + m91 + m92 - m94 + m102 - m103 + m104 - m108 + m111 + m112 - m114 - m145 + m148 + m151 + m152 - m153 + m155 + m171 - m174 - m177 - m178 + m179 - m181)
c25 = ( - m100 - m101 - m102 - m104 + m105 + m107 + m116 - m120 - m121 - m122 - m124 + m125 + m127 + m136 + m154 + m157 - m158 - m160 - m161 - m162 - m180 - m183 + m184 + m186 + m187 + m188 - m193 - m194 + m198 + m199 - m203)
c26 = (m101 + m102 - m105 + m106 + m109 + m110 + m117 + m121 + m122 - m125 + m126 + m129 + m130 + m137 + m146 - m147 - m149 + m155 + m157 + m159 - m160 - m161 - m172 + m173 + m175 - m181 - m183 - m185 + m186 + m187 - m192 - m193 + m198 + m199 + m204 + m205)
c27 = ( - m42 - m45 + m46 + m48 + m49 + m50 - m68 - m71 + m72 + m74 + m75 + m76 + m80 + m81 + m82 + m84 - m85 - m87 - m96 + m100 + m101 + m102 + m104 - m105 - m107 - m116 - m154 - m157 + m158 + m160 + m161 + m162 + m180 + m183 - m184 - m186 - m187 - m188)
c28 = ( - m34 + m35 + m37 - m43 - m45 - m47 + m48 + m49 - m60 + m61 + m63 - m69 - m71 - m73 + m74 + m75 - m81 - m82 + m85 - m86 - m89 - m90 - m97 - m101 - m102 + m105 - m106 - m109 - m110 - m117 - m146 + m147 + m149 - m155 - m157 - m159 + m160 + m161 + m172 - m173 - m175 + m181 + m183 + m185 - m186 - m187)
c29 = (m143 - m144 + m147 + m153 + m156 - m158 + m160 + m161 + m162 + m164 - m169 + m170 - m173 - m179 - m182 + m184 - m186 - m187 - m188 - m190 - m191 - m192 + m194 - m195 - m197 - m201 - m282 + m283 - m286 - m292 - m295 + m297 - m299 - m300 - m301 - m303 - m329 + m333 + m336 + m337 - m338 - m341)
c30 = ( - m144 + m146 - m151 - m152 + m153 + m161 + m163 + m170 - m172 + m177 + m178 - m179 - m187 - m189 - m191 - m197 + m200 - m201 - m204 + m283 - m285 + m290 + m291 - m292 - m300 - m302 + m333 - m339 + m342)
c31 = (m169 - m170 + m173 + m179 + m182 - m184 + m186 + m187 + m188 + m190 + m236 - m237 + m240 + m246 + m249 - m251 + m253 + m254 + m255 + m257 + m263 - m267 - m270 - m271 + m272 + m275 + m282 - m283 + m286 + m292 + m295 - m297 + m299 + m300 + m301 + m303 - m309 + m313 + m316 + m317 - m318 - m321)
c32 = ( - m170 + m172 - m177 - m178 + m179 + m187 + m189 - m237 + m239 - m244 - m245 + m246 + m254 + m256 - m267 + m273 - m276 - m283 + m285 - m290 - m291 + m292 + m300 + m302 + m313 - m319 + m322)
c33 = (m140 + m141 + m148 + m149 + m150 + m151 - m153 + m154 - m166 - m167 - m174 - m175 - m176 - m177 + m179 - m180 - m196 - m198 - m199 + m201 + m203 - m279 - m280 - m287 - m288 - m289 - m290 + m292 - m293 - m324 + m325 + m341)
c34 = ( - m145 + m148 + m151 + m152 - m153 + m155 + m171 - m174 - m177 - m178 + m179 - m181 + m197 - m199 - m200 + m201 - m202 + m284 - m287 - m290 - m291 + m292 - m294 + m325 - m326 + m327 - m328 - m329 - m342)
c35 = (m166 + m167 + m174 + m175 + m176 + m177 - m179 + m180 + m233 + m234 + m241 + m242 + m243 + m244 - m246 + m247 + m258 - m259 - m275 + m279 + m280 + m287 + m288 + m289 + m290 - m292 + m293 - m304 + m305 + m321)
c36 = ( - m171 + m174 + m177 + m178 - m179 + m181 - m238 + m241 + m244 + m245 - m246 + m248 - m259 + m260 - m261 + m262 + m263 + m276 - m284 + m287 + m290 + m291 - m292 + m294 + m305 - m306 + m307 - m308 - m309 - m322)
c37 = ( - m154 - m157 + m158 + m160 + m161 + m162 + m180 + m183 - m184 - m186 - m187 - m188 + m193 + m194 - m198 - m199 + m203 + m293 + m296 - m297 - m299 - m300 - m301 - m332 + m338 + m340 + m341)
c38 = ( - m146 + m147 + m149 - m155 - m157 - m159 + m160 + m161 + m172 - m173 - m175 + m181 + m183 + m185 - m186 - m187 + m192 + m193 - m198 - m199 - m204 - m205 + m285 - m286 - m288 + m294 + m296 + m298 - m299 - m300 + m331 - m334 + m336 + m339 + m340 + m342 - m343)
c39 = ( - m180 - m183 + m184 + m186 + m187 + m188 - m247 - m250 + m251 + m253 + m254 + m255 + m266 - m272 - m274 - m275 - m293 - m296 + m297 + m299 + m300 + m301 - m312 + m318 + m320 + m321)
c40 = ( - m172 + m173 + m175 - m181 - m183 - m185 + m186 + m187 - m239 + m240 + m242 - m248 - m250 - m252 + m253 + m254 - m265 + m268 - m270 - m273 - m274 - m276 + m277 - m285 + m286 + m288 - m294 - m296 - m298 + m299 + m300 + m311 - m314 + m316 + m319 + m320 + m322 - m323)
c41 = (m139 + m140 + m143 - m144 + m147 + m156 - m158 - m165 - m166 - m169 + m170 - m173 - m182 + m184 - m278 - m279 - m282 + m283 - m286 - m295 + m297 + m324 - m326 - m330 + m331 + m332 - m335 - m341)
c42 = (m139 - m141 + m142 + m143 - m144 - m145 + m146 - m165 + m167 - m168 - m169 + m170 + m171 - m172 - m278 + m280 - m281 - m282 + m283 + m284 - m285 + m328 + m334 - m335 - m342)
c43 = (m165 + m166 + m169 - m170 + m173 + m182 - m184 + m232 + m233 + m236 - m237 + m240 + m249 - m251 - m258 + m260 + m264 - m265 - m266 + m269 + m275 + m278 + m279 + m282 - m283 + m286 + m295 - m297 + m304 - m306 - m310 + m311 + m312 - m315 - m321)
c44 = (m165 - m167 + m168 + m169 - m170 - m171 + m172 + m232 - m234 + m235 + m236 - m237 - m238 + m239 - m262 - m268 + m269 + m276 + m278 - m280 + m281 + m282 - m283 - m284 + m285 + m308 + m314 - m315 - m322)

res_mul_num: [79, 57, 36, 24, 63, 54, 27, 24, 52, 68, 22, 31, 49, 46, 28, 25, 40, 33, 54, 42, 35, 31, 46, 38, 31, 36, 38, 46, 42, 29, 42, 27, 32, 29, 30, 30, 27, 37, 26, 38, 28, 25, 35, 29]

res_add_num: [740, 473, 268, 153, 531, 430, 169, 145, 492, 678, 155, 239, 425, 365, 186, 148, 314, 251, 517, 381, 258, 230, 395, 331, 255, 289, 383, 450, 309, 192, 347, 178, 215, 205, 205, 237, 197, 286, 188, 326, 191, 138, 278, 186]

Sorted indices: [0, 9, 4, 18, 8, 1, 27, 5, 12, 22, 19, 26, 13, 30, 23, 39, 16, 28, 25, 37, 42, 2, 20, 24, 17, 11, 35, 21, 32, 34, 33, 36, 29, 40, 43, 14, 38, 31, 6, 3, 10, 15, 7, 41]
level0:
add0: b15 + b55
add1: b14 + b54
add2: b23 + b25
add3: b2 + b42
add4: b34 + b36
add5: b23 + b63
add6: b22 + b99

level1:
mul0: b35 * add0
mul1: b24 * add1
mul2: add2 * add3
mul3: add4 * add5
mul4: b13 * add6

bias：
arr0:
[[0.76080914 0.55432722 0.78353667 0.29150547 0.03049439 0.89667154
  0.73886088 0.14223286 0.71391277 0.38701105 0.93567144]
 [0.06270463 0.62407247 0.77485214 0.60792315 0.38822109 0.52756334
  0.06159278 0.5037605  0.1101095  0.7038275  0.89587062]
 [0.79635104 0.35857492 0.49998601 0.84344846 0.17138287 0.53243688
  0.42778425 0.17064311 0.14075099 0.23867417 0.16961903]
 [0.77733953 0.75061527 0.35595739 0.30333725 0.42296536 0.71659728
  0.86036153 0.67341711 0.38425456 0.68725781 0.03287405]]
arr1:
[[0.27959568 0.13813542 0.5850909  0.44418906 0.54355934 0.92249194
  0.31656629 0.51806453 0.87074594 0.31466329 0.29092956]
 [0.78686586 0.96525165 0.3706414  0.70782809 0.39440774 0.33130897
  0.21681702 0.41719011 0.99815509 0.11315486 0.02130466]
 [0.44907428 0.76309619 0.76358696 0.93173589 0.4970372  0.98325392
  0.06393854 0.94771546 0.24575039 0.08590984 0.50307102]
 [0.98284085 0.83607523 0.54591061 0.07654672 0.2759561  0.04112076
  0.69213434 0.48422523 0.35766283 0.48141418 0.94633367]
 [0.00427123 0.13126002 0.16751717 0.85678662 0.98738968 0.66358717
  0.70543681 0.31161043 0.94097678 0.57643881 0.3398883 ]
 [0.18520915 0.66509358 0.77774864 0.91651623 0.96029935 0.88806187
  0.85441979 0.53357679 0.6126344  0.7278976  0.31975596]
 [0.31192049 0.98183054 0.95522879 0.96588616 0.26944913 0.02111373
  0.41766768 0.34632854 0.8720182  0.64416299 0.76667622]
 [0.53474732 0.57758197 0.37417306 0.1187243  0.66447143 0.03548135
  0.73559657 0.49310341 0.0380594  0.75980079 0.51254231]
 [0.5321186  0.93810689 0.48617957 0.74003411 0.84462084 0.41051954
  0.6129405  0.22622071 0.36060057 0.14313858 0.11741102]
 [0.2659188  0.7583715  0.65189738 0.09730184 0.94939891 0.62058267
  0.81486367 0.480635   0.67701832 0.01600499 0.15767761]
 [0.54826781 0.5516154  0.45258307 0.33653303 0.16916723 0.62149217
  0.24646062 0.63250763 0.81973255 0.67255324 0.54603533]]
res:
[[2.75579458 4.36911021 3.89237808 3.94201873 3.4155419  3.61983848
  2.79731678 3.26243404 4.02678217 2.50172202 2.4953897 ]
 [2.57894481 3.5951117  2.83202003 2.62498258 2.98715373 2.83554378
  2.60819378 2.92359783 3.09734995 2.1093555  2.21578862]
 [2.11370377 2.84463882 2.65715226 2.39070028 2.33890139 2.29268907
  2.1481749  2.26805916 2.69424533 1.76977222 2.07974552]
 [2.43420474 4.02276115 3.52214251 3.52389253 3.74687252 2.89203652
  3.21054269 2.78232288 3.86575479 2.42555683 2.25737475]]
res_ref:
[[2.75579458 4.36911021 3.89237808 3.94201873 3.4155419  3.61983848
  2.79731678 3.26243404 4.02678217 2.50172202 2.4953897 ]
 [2.57894481 3.5951117  2.83202003 2.62498258 2.98715373 2.83554378
  2.60819378 2.92359783 3.09734995 2.1093555  2.21578862]
 [2.11370377 2.84463882 2.65715226 2.39070028 2.33890139 2.29268907
  2.1481749  2.26805916 2.69424533 1.76977222 2.07974552]
 [2.43420474 4.02276115 3.52214251 3.52389253 3.74687252 2.89203652
  3.21054269 2.78232288 3.86575479 2.42555683 2.25737475]]

Result: True

