c1 = (m1 - m2 - m5 + m9 + m15 + m33)
c2 = ( - m15 - m16 + m17 - m18 - m21 + m22 - m23 + m26 - m33 - m41 + m44 + m49)
c3 = (m2 + m5 + m6 - m9 - m29 - m33 + m34 + m38)
c4 = ( - m16 + m17 - m20 - m21 + m22 - m23 + m25 + m26 - m29 - m32 - m33 + m34 + m38 - m41 + m42 + m43)
c5 = ( - m7 + m8 - m10 + m11 - m14 + m15 + m16 - m17 + m18 + m21 - m31 + m33 - m35 - m36)
c6 = (m7 - m8 + m10 - m11 - m15 - m16 + m17 - m18 - m21 + m22 - m23 + m26 - m33 + m44)
c7 = ( - m7 + m8 + m11 + m12 - m16 + m17 - m20 - m21 - m29 - m33 + m34 + m36 + m38 + m46)
c8 = ( - m7 + m8 + m11 + m12 - m16 + m17 - m20 - m21 + m22 - m23 + m25 + m26 - m29 - m33 + m34 + m38)
c9 = (m1 - m2 + m3 - m5 + m33 - m34 + m37 - m40)
c10 = (m17 - m18 - m19 - m21 - m23 + m24 + m26 - m33 + m34 - m37 + m40 - m43 + m44 + m45 - m47 + m49)
c11 = (m4 + m5 - m29 - m33 + m34 + m40)
c12 = ( - m21 + m26 - m27 + m28 - m29 - m32 - m33 + m34 + m40 - m47)
c13 = (m8 - m10 + m11 - m13 + m17 - m18 - m19 - m21 + m31 - m33 + m34 + m35 + m36 - m37 - m39 + m40)
c14 = ( - m8 + m10 - m11 + m13 - m17 + m18 + m19 + m21 + m23 - m24 - m26 + m33 - m34 + m37 - m40 - m44)
c15 = (m11 + m21 - m28 + m29 + m30 + m33 - m34 - m35 - m36 + m39 - m40 + m48)
c16 = (m11 + m21 - m26 + m27 - m28 + m29 + m33 - m34 - m40 + m48)

res_mul_num: [6, 12, 8, 16, 14, 14, 14, 16, 8, 16, 6, 10, 16, 16, 12, 10]

res_add_num: [15, 83, 23, 130, 117, 103, 100, 117, 24, 122, 13, 40, 130, 118, 62, 33]

Sorted indices: [3, 12, 9, 13, 7, 4, 5, 6, 1, 14, 11, 15, 8, 2, 0, 10]
level0:
add0: b1 + b9
add1: b1 + b9
mul1: a11 * b11
mul2: a9 * b3
add2: b1 + b3
add3: b1 + b3
add4: b13 + b14
add5: b7 + b8
add6: b2 + b4
add7: b10 + b14
add8: b4 + b8
add9: b12 + b16
add10: b12 + b16
add11: b4 + b12
add12: b5 + b13
add13: b2 + b10
add14: b10 + b12
add15: b13 + b15
add16: b15 + b16
add17: b15 + b16

level1:
mul0: add0 * add1
mul3: add2 * add3
mul4: add4 * add5
mul5: b5 * add6
mul6: add7 * add8
mul7: add9 * add10
mul8: b15 * add11
mul9: b4 * add12
mul10: b7 * add13
mul11: add14 * add15
mul12: add16 * add17

bias：
arr0:
[[0.44228232 0.27894828 0.62031895 0.76658673]
 [0.24259324 0.43928214 0.19704754 0.18982792]
 [0.42095306 0.83738292 0.70307999 0.45915869]
 [0.44286832 0.86832338 0.77965764 0.99430051]]
arr1:
[[0.58627304 0.71455783 0.59255682 0.51241487]
 [0.10919046 0.50221944 0.56980463 0.64616423]
 [0.934975   0.42763383 0.1074686  0.33847152]
 [0.46622172 0.32597501 0.74490725 0.46038506]]
res:
[[1.22713878 0.97128704 1.05872426 0.96976381]
 [0.46292771 0.54010629 0.5566359  0.56224571]
 [1.20965962 1.17168034 1.14417294 1.20615185]
 [1.54697927 1.41006901 1.58164971 1.50966483]]
res_ref:
[[1.22713878 0.97128704 1.05872426 0.96976381]
 [0.46292771 0.54010629 0.5566359  0.56224571]
 [1.20965962 1.17168034 1.14417294 1.20615185]
 [1.54697927 1.41006901 1.58164971 1.50966483]]

Result: True

