c1 = ( - m4 - m5 - m6 - m9 + m13 + m15 + m24 + m25 + m27 + m37 - m47)
c2 = ( - m5 + m13 + m25 + m27 + m28 - m29 + m36 + m38 + m50 - m69)
c3 = (m6 - m15 + m20 - m27 + m32 - m37 + m39 + m40 + m52 + m53)
c4 = (m4 + m9 - m17 + m23 - m24 - m27 + m30 + m61 - m64 + m66)
c5 = (m4 + m5 + m6 + m9 - m13 - m14 - m15 - m44 + m47)
c6 = (m7 - m8 + m9 - m10 - m13 - m14 + m15 + m43 - m45)
c7 = (m1 - m2 - m3 + m9 + m11 - m13 + m14 + m15 - m71)
c8 = ( - m9 - m12 + m13 + m14 - m15 + m46 - m67 + m68 + m72)
c9 = ( - m14 + m16 - m18 + m23 + m25 + m30 + m37 + m62 - m63 - m72)
c10 = (m12 - m13 - m18 + m29 - m33 - m34 + m35 - m66 - m70 + m73)
c11 = (m15 + m17 - m18 - m20 - m22 + m41 - m42 + m56 + m67 - m74)
c12 = ( - m12 + m13 + m14 - m15 - m16 - m17 + m18 + m66 - m67 + m68 + m72)
c13 = ( - m2 + m14 + m21 + m22 - m24 - m25 - m39 - m40 + m59 + m60)
c14 = ( - m11 + m13 + m19 - m20 - m21 - m26 + m28 + m33 - m51 - m54)
c15 = (m2 + m3 - m9 - m11 + m13 - m14 - m20 - m21 - m22 - m32 + m71)
c16 = ( - m3 + m9 - m16 + m21 + m32 + m41 - m42 - m65 + m66 + m75)
c17 = ( - m10 - m14 + m24 + m31 + m33 - m36 + m37 - m38 + m57 - m76)
c18 = (m7 - m8 + m9 - m10 - m14 + m15 + m28 - m29 + m31 + m33 - m45)
c19 = ( - m8 + m15 - m19 - m22 + m26 - m29 + m31 - m32 - m48 + m49)
c20 = ( - m7 - m9 + m16 + m17 - m28 - m31 + m34 - m35 - m55 + m58)

res_mul_num: [11, 10, 10, 10, 9, 9, 9, 9, 10, 10, 10, 11, 10, 10, 11, 10, 10, 11, 10, 10]

res_add_num: [38, 49, 48, 41, 32, 32, 32, 32, 46, 50, 51, 38, 51, 41, 38, 58, 48, 38, 41, 50]

Sorted indices: [15, 10, 12, 9, 19, 1, 2, 16, 8, 3, 13, 18, 0, 11, 14, 17, 4, 5, 6, 7]
level0:
add0: b17 + b20
add1: b6 + b7
add2: b2 + b3
add3: b12 + b14
add4: b22 + b24
add5: b12 + b15
add6: b16 + b17
add7: b2 + b3

level1:
mul0: b22 * add0
mul1: b2 * add1
mul2: b12 * add2
mul3: b17 * add3
mul4: b15 * add4
mul5: b8 * add5
mul6: b4 * add6
mul7: b16 * add7

bias：
arr0:
[[0.92896474 0.42348941 0.56033645 0.53943857 0.31463815]
 [0.61090653 0.76340887 0.64723756 0.97291142 0.34636279]
 [0.9214813  0.82328409 0.58427337 0.02436033 0.53233636]
 [0.97555718 0.65652166 0.35688774 0.20299977 0.97392298]]
arr1:
[[0.67892946 0.36983832 0.25302911 0.27847036 0.3281735 ]
 [0.65534677 0.87608391 0.76375101 0.74676786 0.41908109]
 [0.19027495 0.90092615 0.91395422 0.93293622 0.15066418]
 [0.29681692 0.12737817 0.92109458 0.13541003 0.40822288]
 [0.92479251 0.61235325 0.63233893 0.50710415 0.47813485]]
res:
[[1.46594144 1.48078317 1.76644933 1.33029531 0.93741128]
 [1.64730336 1.81388417 2.44433903 1.65142391 1.1807019 ]
 [1.77586119 1.91753308 1.75499993 1.68974574 0.99993062]
 [2.1214211  1.87973863 1.8772739  1.61625513 1.1975937 ]]
res_ref:
[[1.46594144 1.48078317 1.76644933 1.33029531 0.93741128]
 [1.64730336 1.81388417 2.44433903 1.65142391 1.1807019 ]
 [1.77586119 1.91753308 1.75499993 1.68974574 0.99993062]
 [2.1214211  1.87973863 1.8772739  1.61625513 1.1975937 ]]

Result: True

