c1 = ( - m64 + m75 + m87 - m92 + m93 + m94 + m97)
c2 = (m2 - m3 - m4 - m11 - m20 - m23 - m24 - m29 + m31)
c3 = ( - m62 + m64 + m72 - m75 + m76 - m81 - m86 + m88 - m94 + m95 - m97)
c4 = (m1 + m2 - m3 - m4 - m8 + m10 + m17 - m20 - m23 - m27 - m34 - m37 + m38)
c5 = ( - m1 + m5 + m8 - m10 - m18 + m21 + m24 - m32 + m34 - m38)
c6 = (m66 - m69 + m70 + m71 - m72 + m75 - m77 + m80 + m90)
c7 = ( - m13 - m23 - m34 + m40 - m42 - m45 - m48 - m51)
c8 = (m65 - m66 - m71 + m72 - m75 + m77 + m78 - m81 - m89 - m90 + m96)
c9 = ( - m4 - m8 - m13 + m17 - m23 - m34 + m53 + m55 + m73)
c10 = (m9 + m13 + m19 - m22 + m23 + m34 - m50 + m51 + m52 + m56)
c11 = (m69 - m70 - m71 + m72 - m74 - m75 + m77 - m79 - m82 - m83 - m86 - m87 - m90 + m92 - m94 - m97 + m98)
c12 = ( - m12 - m15 - m16 + m18 + m19 - m20 + m23 - m24 - m25 - m30)
c13 = (m57 - m59 - m69 + m71 - m72 + m75 - m77 - m78 + m79 + m81 + m83 + m86 + m87 + m90 - m91 + m94 - m95 + m97 - m98)
c14 = (m5 + m6 - m7 + m9 + m13 - m26 - m28 - m36 - m37)
c15 = ( - m6 + m7 - m9 - m13 + m16 - m18 - m19 + m20 + m22 - m23 + m24 + m28 + m30 - m32 - m35)
c16 = ( - m68 + m79 + m82 + m83 - m84 + m86 + m90 + m97)
c17 = ( - m12 - m13 + m28 - m31 - m33 - m34 - m38 - m39 + m40 - m43 - m45 + m47 - m48 + m50 - m51)
c18 = ( - m63 - m67 + m68 + m77 + m78 - m83 - m85 - m86 - m90 + m95 - m97)
c19 = ( - m11 - m12 - m13 + m28 + m37 - m43 - m45 + m46 - m49 + m53)
c20 = ( - m6 - m15 + m31 - m32 + m33 + m34 + m38 + m39 - m40 + m44 - m50 + m51 + m52 + m54)
c21 = (m59 - m60 + m61 + m62 + m63 - m64 + m65 - m66 - m68 + m74)
c22 = ( - m20 - m28 + m38 + m39 - m41 + m43 - m47 - m50)
c23 = ( - m57 - m61 - m62 - m63 + m64 - m65 + m66 - m67 + m68 + m76 + m89)
c24 = ( - m3 + m10 + m14 - m20 - m27 - m28 + m38 - m73)
c25 = (m7 + m20 + m28 + m30 - m35 - m38 + m50 - m51 - m52 + m58)

res_mul_num: [7, 9, 11, 13, 10, 9, 8, 11, 9, 10, 17, 10, 19, 9, 15, 8, 15, 11, 10, 14, 10, 8, 11, 8, 10]

res_add_num: [35, 31, 57, 48, 37, 39, 34, 53, 30, 41, 91, 49, 108, 28, 62, 37, 68, 55, 42, 65, 45, 34, 51, 26, 41]

Sorted indices: [12, 10, 16, 19, 14, 2, 17, 7, 22, 3, 11, 20, 18, 9, 24, 5, 4, 15, 0, 6, 21, 1, 8, 13, 23]
level0:
add0: b18 + b25
add1: b13 + b21
add2: b10 + b19
add3: b19 + b21
add4: b16 + b20
add5: b7 + b9
add6: b6 + b9
add7: b18 + b21
add8: b17 + b20
add9: b21 + b23
add10: b22 + b23
add11: b16 + b17
add12: b5 + b7
add13: b10 + b20
add14: b16 + b17
mul12: a2 * b8

level1:
mul0: add0 * add1
mul1: add2 * add3
mul2: b22 * add4
mul3: b20 * add5
mul4: b17 * add6
mul5: b19 * add7
mul6: b25 * add8
mul7: b12 * add9
mul8: b15 * add10
mul9: add11 * add12
mul10: b12 * add13
mul11: b5 * add14

bias：
key: (15, 19), bias: 5
Unexpected coefficient: v(4,45):-2
Unexpected coefficient: v(6,45):2
Unexpected coefficient: v(4,48):-2
Unexpected coefficient: v(6,48):2
Unexpected coefficient: v(4,54):2
arr0:
[[0.57283549 0.76903951 0.09779902 0.87852542 0.19194746]
 [0.63567269 0.98405157 0.91557339 0.47973761 0.75402444]
 [0.65424093 0.10953344 0.78759305 0.71740391 0.68047963]
 [0.89154174 0.87942077 0.1265568  0.94846605 0.72526914]
 [0.5766048  0.0535293  0.44178803 0.90394492 0.19480596]]
arr1:
[[0.57667817 0.27580335 0.42686721 0.86209658 0.92989452]
 [0.49035183 0.52607909 0.11271763 0.63070994 0.2579792 ]
 [0.97800125 0.24851144 0.02791189 0.93636527 0.88677457]
 [0.84625415 0.66637107 0.43554666 0.99477638 0.51391304]
 [0.4062918  0.55538766 0.70349458 0.52110613 0.34339808]]
res:
[[1.62453168 1.27889891 0.85161156 2.04441732 1.33519853]
 [2.45687586 1.65899921 1.14722339 2.89613188 2.16235454]
 [2.08484269 1.28977817 1.10478016 2.43883604 1.9374085 ]
 [2.1664452  1.77482177 1.40655274 2.76321173 1.90462451]
 [1.63494803 1.00753513 0.79525364 1.94526308 1.47320255]]
res_ref:
[[1.62453168 1.27889891 0.85161156 2.04441732 1.33519853]
 [2.45687586 1.65899921 1.14722339 2.89613188 2.16235454]
 [2.08484269 1.28977817 1.10478016 2.43883604 1.9374085 ]
 [2.1664452  1.77482177 1.40655274 2.76321173 1.90462451]
 [1.63494803 1.00753513 0.79525364 1.94526308 1.47320255]]

Result: True

