c1 = (m2 - m3 + m4 - m5 + m6 - m8 - m9 - m10 + m11 + m90 + m103 + m104 + m109 - m111 + m115 + m120 + m124 + m220 + m221 + m222 + m223 + m226 + m230 + m232 + m233 + m234 + m243 + m245 + m247 + m255 + m258 + m259 + m261 + m266 + m267 + m269 + m270 + m271 + m272 + m274 + m280 + m281 + m288 + m290)
c2 = (m1 + m5 - m6 - m7 + m8 + m9 + m10 + m89 + m90 - m95 + m99 + m103 + m104 - m116 + m117 + m120 + m128 - m219 - m220 - m221 - m222 - m223 - m226 - m241 - m243 - m258 + m264 + m265 + m266 + m268 + m269 + m270 + m272 + m273 + m274 + m290 + m292)
c3 = (m179 + m182 + m183 - m185 - m190 + m197 - m202 + m211 + m220 + m221 + m222 + m223 + m226 + m230 + m232 + m233 + m234 + m243 + m245 + m247 + m255 + m258 + m259 + m261)
c4 = (m179 - m180 + m182 - m204 - m205 + m211 + m212 - m219 - m220 - m221 - m222 - m223 - m226 - m241 - m243 - m258)
c5 = (m183 - m184 - m185 - m190 - m193 + m203 - m205 + m207 + m227 + m228 + m229 - m230 - m234 - m241 - m247 - m255 - m259 - m261 + m263)
c6 = ( - m13 - m14 - m15 - m16 + m17 - m18 + m19 - m33 - m78 + m90 - m92 + m102 + m104 - m107 + m108 + m109 + m112 - m113 - m114 + m115 + m117 + m120 + m124 - m224 - m225 - m226 - m227 - m236 - m237 - m238 - m242 - m244 - m245 - m274 + m277 + m279 + m280 + m281 + m282 + m283 + m290 + m291 + m296)
c7 = (m12 + m15 + m16 - m17 + m18 - m19 + m20 + m27 - m79 + m84 + m101 + m102 + m104 - m107 + m108 + m109 - m110 + m112 - m116 + m117 + m120 + m126 - m217 - m218 + m222 - m223 - m229 - m235 - m240 + m241 + m258 - m272 - m273 - m274 - m275 - m276 + m277 - m278 + m279 + m280 + m283 + m290 + m292 - m295)
c8 = ( - m179 - m184 + m186 - m196 - m197 + m199 + m201 + m208 - m224 - m225 - m226 - m227 - m236 - m237 - m238 - m242 - m244 - m245)
c9 = (m181 + m187 - m188 - m191 - m203 + m205 + m211 + m216 - m217 - m218 + m222 - m223 - m229 - m235 - m240 + m241 + m258)
c10 = (m186 - m188 - m191 - m196 - m203 + m205 + m206 - m207 + m208 + m211 - m218 + m222 - m223 + m225 - m229 + m231 - m235 + m236 + m237 + m238 - m240 + m241 + m242 + m244 + m252 + m258 - m263)
c11 = (m8 + m9 + m10 - m11 - m19 + m23 + m26 - m30 - m31 - m92 - m100 + m108 + m112 - m113 - m114 + m117 - m125 - m221 - m222 - m230 - m232 + m250 - m254 - m255 + m256 - m259 - m261 + m262 - m265 - m266 - m269 - m270 - m271 - m272 - m274 + m276 - m277 - m279 - m280 - m281 - m282 - m283 + m284 + m285 + m286 - m290 + m294)
c12 = (m6 + m7 - m8 - m9 - m10 - m16 + m19 - m20 - m24 - m26 + m91 - m92 + m94 - m96 - m100 + m112 - m116 + m117 + m120 + m123 + m222 + m238 + m239 + m248 - m254 - m255 + m256 + m257 - m259 - m262 - m265 - m266 - m268 - m269 - m270 - m272 - m273 - m274 + m276 - m277 + m278 - m279 - m280 - m283 + m284 + m286 - m289 - m290 + m294)
c13 = ( - m180 + m183 - m187 - m197 - m198 + m200 + m208 - m209 - m221 - m222 - m230 - m232 + m250 - m254 - m255 + m256 - m259 - m261 + m262)
c14 = ( - m187 - m190 + m194 - m198 + m208 - m212 - m214 - m215 + m222 + m238 + m239 + m248 - m254 - m255 + m256 + m257 - m259 - m262)
c15 = (m181 - m186 - m190 + m194 - m195 + m207 - m212 + m213 - m214 + m222 - m235 + m236 + m246 - m248 + m252 + m253 + m254 + m255 - m256 + m259 + m261)
c16 = (m9 + m10 - m11 + m18 + m25 - m28 + m78 - m79 + m93 + m94 - m95 - m97 - m98 - m100 + m103 + m119 + m220 + m223 + m233 + m234 - m237 - m238 - m244 + m251 + m254 - m256 - m258 + m262 + m269 + m270 + m271 + m272 + m274 - m279 - m282 - m283 + m293 - m294)
c17 = ( - m10 + m17 - m18 - m27 + m29 + m32 - m84 + m89 + m90 + m91 - m92 + m93 + m94 - m95 - m96 - m97 + m99 - m100 - m101 + m103 + m119 - m223 - m238 - m239 - m244 - m248 + m254 + m255 - m256 - m258 + m260 + m262 + m270 + m272 + m273 + m274 - m283 - m286 - m287 + m289 - m294)
c18 = ( - m182 + m185 + m190 - m192 + m202 - m208 - m211 + m220 + m223 + m233 + m234 - m237 - m238 - m244 + m251 + m254 - m256 - m258 + m262)
c19 = (m190 - m194 + m198 - m208 + m210 - m211 + m215 - m223 - m238 - m239 - m244 - m248 + m254 + m255 - m256 - m258 + m260 + m262)
c20 = (m189 + m190 + m191 + m196 - m206 - m208 - m211 - m218 - m223 + m225 + m231 + m237 + m238 + m244 + m248 + m249 - m253 - m254 + m256 + m258)
c21 = (m2 - m3 + m4 - m5 + m6 - m8 - m9 - m10 + m11 - m39 + m40 - m45 - m46 - m48 - m49 - m51 - m52 + m53 + m54 + m55 + m56 - m57 + m61 + m63 + m64 + m66)
c22 = (m1 + m5 - m6 - m7 + m8 + m9 + m10 + m34 + m35 - m39 - m45 - m46 - m47 - m48 - m49 - m52 + m53 + m54 + m55 + m56 - m57 + m58 + m63 + m66 - m67 + m71)
c23 = ( - m39 + m40 - m45 - m46 - m48 - m49 - m51 - m52 + m53 + m54 + m55 + m56 - m57 + m61 + m63 + m64 + m66 - m90 - m103 - m104 - m109 + m111 - m115 - m120 - m124 + m142 + m143 - m145 + m147 - m148 + m149 - m154 - m160 + m162 - m177 + m179 + m182 + m183 - m185 - m190 + m197 - m202 + m211)
c24 = (m34 + m35 - m39 - m45 - m46 - m47 - m48 - m49 - m52 + m53 + m54 + m55 + m56 - m57 + m58 + m63 + m66 - m67 + m71 - m89 - m90 + m95 - m99 - m103 - m104 + m116 - m117 - m120 - m128 + m134 - m144 - m154 - m156 - m170 - m174 + m176 - m178 + m179 - m180 + m182 - m204 - m205 + m211 + m212)
c25 = (m80 - m85 - m86 - m90 - m103 - m104 + m122 + m127 - m131 + m143 - m145 + m147 - m148 + m149 - m169 - m170 + m176 - m177 + m178 + m183 - m184 - m185 - m190 - m193 + m203 - m205 + m207)
c26 = ( - m13 - m14 - m15 - m16 + m17 - m18 + m19 - m33 - m35 - m36 - m37 - m38 + m40 - m41 + m42 - m62 + m65 + m72)
c27 = (m12 + m15 + m16 - m17 + m18 - m19 + m20 + m27 + m34 - m37 - m38 - m41 + m42 - m43 + m44 - m62 + m65 + m69 + m72)
c28 = ( - m35 - m36 - m37 - m38 + m40 - m41 + m42 - m62 + m65 + m72 + m78 - m90 + m92 - m102 - m104 + m107 - m108 - m109 - m112 + m113 + m114 - m115 - m117 - m120 - m124 + m139 - m140 + m146 - m151 - m152 - m153 - m160 - m163 + m167 + m171 - m179 - m184 + m186 - m196 - m197 + m199 + m201 + m208)
c29 = (m34 - m37 - m38 - m41 + m42 - m43 + m44 - m62 + m65 + m69 + m72 + m79 - m84 - m101 - m102 - m104 + m107 - m108 - m109 + m110 - m112 + m116 - m117 - m120 - m126 + m132 + m141 + m152 + m153 - m159 - m160 + m163 + m168 + m173 + m181 + m187 - m188 - m191 - m203 + m205 + m211 + m216)
c30 = ( - m74 + m77 + m78 - m82 - m90 + m92 + m105 + m113 - m115 - m130 - m131 + m139 - m140 - m142 + m146 - m151 + m157 + m167 + m168 + m178 + m186 - m188 - m191 - m196 - m203 + m205 + m206 - m207 + m208 + m211)
c31 = (m8 + m9 + m10 - m11 - m19 + m23 + m26 - m30 - m31 + m48 + m49 + m51 + m52 + m53 - m54 + m59 + m72)
c32 = (m6 + m7 - m8 - m9 - m10 - m16 + m19 - m20 - m24 - m26 - m37 - m46 + m49 + m50 + m52 + m53 - m54 - m58 + m69 + m71 + m72)
c33 = (m48 + m49 + m51 + m52 + m53 - m54 + m59 + m72 + m92 + m100 - m108 - m112 + m113 + m114 - m117 + m125 - m134 + m135 - m136 - m139 + m141 + m147 - m148 - m158 - m180 + m183 - m187 - m197 - m198 + m200 + m208 - m209)
c34 = ( - m37 - m46 + m49 + m50 + m52 + m53 - m54 - m58 + m69 + m71 + m72 - m91 + m92 - m94 + m96 + m100 - m112 + m116 - m117 - m120 - m123 - m132 - m133 - m134 + m135 - m136 - m137 + m138 - m146 + m147 - m148 - m150 - m167 - m187 - m190 + m194 - m198 + m208 - m212 - m214 - m215)
c35 = ( - m81 - m83 - m87 + m92 + m100 - m112 + m121 - m122 + m132 + m133 - m143 + m144 + m146 + m150 - m155 + m167 + m181 - m186 - m190 + m194 - m195 + m207 - m212 + m213 - m214)
c36 = (m9 + m10 - m11 + m18 + m25 - m28 + m39 + m45 + m46 - m53 - m55 + m57 - m64 + m65 + m73)
c37 = ( - m10 + m17 - m18 - m27 + m29 + m32 + m44 + m45 + m46 + m47 - m53 - m55 + m57 - m62 + m65 - m68 - m71)
c38 = (m39 + m45 + m46 - m53 - m55 + m57 - m64 + m65 + m73 - m78 + m79 - m93 - m94 + m95 + m97 + m98 + m100 - m103 - m119 + m147 - m151 - m153 - m163 + m165 + m167 + m171 - m182 + m185 + m190 - m192 + m202 - m208 - m211)
c39 = (m44 + m45 + m46 + m47 - m53 - m55 + m57 - m62 + m65 - m68 - m71 + m84 - m89 - m90 - m91 + m92 - m93 - m94 + m95 + m96 + m97 - m99 + m100 + m101 - m103 - m119 - m136 - m137 + m147 - m150 + m163 - m167 + m168 + m172 + m190 - m194 + m198 - m208 + m210 - m211 + m215)
c40 = ( - m75 + m76 - m82 + m84 - m89 - m90 - m91 + m92 - m106 - m129 - m145 + m147 - m161 + m167 + m168 + m176 + m189 + m190 + m191 + m196 - m206 - m208 - m211)
c41 = (m4 - m22 + m23 + m26 - m31 - m33 + m42 - m54 + m56 + m57 - m60 + m61 + m66)
c42 = (m1 + m2 + m12 - m13 + m21 + m22 - m23 - m26 - m38 + m42 - m43 + m47 + m52 - m54 - m55 + m57 - m58 + m66 - m70)
c43 = (m42 - m54 + m56 + m57 - m60 + m61 + m66 + m75 + m77 - m80 - m83 + m100 + m102 + m103 - m118 + m119 - m140 + m146 - m148 - m152 - m154 + m166 - m177)
c44 = ( - m38 + m42 - m43 + m47 + m52 - m54 - m55 + m57 - m58 + m66 - m70 + m74 + m76 - m81 + m85 + m88 - m97 - m101 + m104 - m112 + m119 - m133 + m135 + m138 - m146 - m148 - m154 - m175)
c45 = (m74 + m75 - m80 - m81 + m82 - m83 + m85 + m86 - m87 + m100 + m103 + m104 - m112 + m146 - m148 + m149 - m164 - m169 - m170 - m177)

res_mul_num: [45, 37, 25, 16, 20, 44, 44, 19, 17, 27, 47, 49, 19, 18, 21, 38, 41, 19, 18, 20, 26, 26, 43, 44, 28, 18, 19, 43, 42, 30, 17, 21, 32, 41, 25, 15, 17, 33, 41, 23, 13, 19, 23, 28, 21]

res_add_num: [365, 341, 100, 61, 75, 425, 509, 79, 74, 117, 462, 498, 66, 60, 78, 367, 394, 72, 64, 74, 198, 209, 373, 420, 247, 141, 153, 420, 506, 212, 131, 180, 276, 373, 176, 108, 139, 332, 380, 175, 86, 160, 206, 266, 225]

Sorted indices: [6, 28, 11, 10, 5, 23, 27, 16, 38, 22, 33, 0, 15, 1, 37, 32, 43, 24, 44, 29, 21, 42, 20, 31, 34, 39, 41, 26, 25, 36, 30, 9, 2, 35, 14, 40, 7, 4, 19, 8, 17, 12, 18, 13, 3]
level0:
add0: b9 + b45
add1: b18 + b54
add2: b10 + b14
add3: b42 + b51
add4: b1 + b5
add5: b20 + b30
add6: b12 + b19
add7: b19 + b39
add8: b2 + b19
add9: b37 + b40
add10: b21 + b22
add11: b29 + b31
add12: b34 + b35
add13: b34 + b36
add14: b23 + b42
add15: b38 + b46
add16: b41 + b45
add17: b24 + b26
add18: b39 + b40

level1:
mul0: b1 * add0
mul1: b2 * add1
mul2: add2 * add3
mul3: b41 * add4
mul4: add5 * add6
mul5: add7 * add8
mul6: b4 * add9
mul7: b22 * add10
mul8: b13 * add11
mul9: b57 * add12
mul10: b58 * add13
mul11: add14 * add15
mul12: b40 * add16
mul13: b48 * add17
mul14: b32 * add18

bias：
key: (2, 9), bias: 7
key: (2, 11), bias: 19
key: (9, 11), bias: 13
key: (0, 2), bias: 22
key: (0, 9), bias: 6
key: (0, 11), bias: 10
key: (0, 3), bias: 12
key: (2, 3), bias: 11
key: (3, 9), bias: 8
key: (3, 11), bias: 11
key: (0, 12), bias: 5
key: (2, 12), bias: 10
key: (3, 12), bias: 11
key: (9, 12), bias: 8
key: (11, 12), bias: 16
Unexpected coefficient: v(34,31):3
Unexpected coefficient: v(70,31):-3
Unexpected coefficient: u(0,168):2
Unexpected coefficient: u(4,168):2
Unexpected coefficient: u(18,168):-2
Unexpected coefficient: u(22,168):-2
Unexpected coefficient: u(36,168):2
Unexpected coefficient: u(40,168):2
Unexpected coefficient: u(1,172):-2
Unexpected coefficient: u(5,172):-2
Unexpected coefficient: u(19,172):2
Unexpected coefficient: u(23,172):2
Unexpected coefficient: u(18,199):-2
Unexpected coefficient: v(20,208):-2
Unexpected coefficient: v(29,208):-2
Unexpected coefficient: u(40,238):-2
Unexpected coefficient: u(44,238):-2
Unexpected coefficient: v(30,294):3
Unexpected coefficient: v(34,294):-3
Unexpected coefficient: v(66,294):-3
Unexpected coefficient: v(70,294):3
Unexpected coefficient: w(0,253):2
Unexpected coefficient: w(2,253):2
Unexpected coefficient: w(4,253):-2
Unexpected coefficient: w(5,257):-2
Unexpected coefficient: w(7,257):-2
Unexpected coefficient: w(24,153):-2
Unexpected coefficient: w(44,153):-2
arr0:
[[0.02036465 0.28725707 0.49103257 0.93274875 0.95293447 0.68650032
  0.26765523 0.46595254 0.49725256]
 [0.48704985 0.36859938 0.25103059 0.62172282 0.96843638 0.08791632
  0.21161841 0.91552554 0.07183435]
 [0.90851471 0.67808145 0.92668317 0.34851502 0.11560754 0.02655827
  0.26264814 0.50723433 0.82391206]
 [0.68443601 0.88812329 0.44211081 0.55865172 0.12314563 0.57119767
  0.00202491 0.42156698 0.09238385]
 [0.8775919  0.14738729 0.16928171 0.74059124 0.19437327 0.29871594
  0.00801523 0.96913202 0.8776558 ]]
arr1:
[[6.83504887e-02 6.32245188e-01 2.88338229e-03 1.24857096e-01
  5.90663269e-01 9.35691947e-01 9.56505392e-02 6.92369298e-01
  2.11941358e-01]
 [8.41817145e-01 4.78866623e-01 8.86232351e-01 5.78143895e-01
  1.28790921e-04 4.59756560e-01 7.07795838e-01 4.65471708e-01
  1.36576907e-01]
 [6.65052719e-01 1.54808461e-02 4.67509090e-03 8.42625151e-01
  5.00588879e-01 5.01725308e-01 8.26752075e-01 7.59220070e-01
  8.39518064e-02]
 [4.48821116e-01 7.37825253e-02 4.41328616e-02 2.10129616e-02
  2.71334322e-01 7.77570346e-01 6.84307639e-01 2.92328884e-01
  5.74780299e-01]
 [8.45710670e-01 1.28741840e-01 1.43185831e-02 7.07060100e-01
  6.53810759e-01 4.15929790e-01 5.86657981e-01 6.78002754e-01
  1.14238884e-01]
 [7.33229992e-01 3.77686312e-01 2.10557882e-02 5.52724296e-01
  3.24898012e-01 5.73331458e-01 9.47348549e-01 7.09486612e-01
  6.69852304e-01]
 [4.25729884e-01 7.64082927e-01 8.85586653e-01 9.65329619e-01
  1.03437179e-01 5.69846503e-01 4.08690749e-02 2.97513176e-02
  9.35205142e-01]
 [6.82514602e-01 3.94735332e-01 2.72039344e-01 8.31646211e-01
  8.90042345e-01 4.58946960e-01 8.27672617e-01 2.64534449e-02
  4.94469612e-02]
 [5.90339911e-02 9.26777430e-01 4.93218188e-02 9.97351443e-01
  2.05302754e-01 2.53064535e-01 8.27711142e-01 1.69655135e-01
  2.78361494e-01]]
res:
[[2.75900226 1.45810092 0.71450992 2.79702089 1.90152955 2.40491755
  3.26709469 2.03108665 1.60138191]
 [2.39224664 1.28174513 0.81240723 2.26915921 2.09531926 2.24672937
  2.41775992 1.64280573 0.96469321]
 [2.02952675 2.12858039 1.03670737 2.88716534 1.82715819 2.55205465
  2.77697325 2.008331   1.09433188]
 [2.15618695 1.39124834 0.95060175 1.83066701 1.43776623 2.30166634
  2.48071931 1.9018839  1.06971655]
 [1.72911286 2.02260685 0.48972629 2.34457241 2.07178695 2.47327272
  2.76092432 1.5397353  1.16803912]]
res_ref:
[[2.75900226 1.45810092 0.71450992 2.79702089 1.90152955 2.40491755
  3.26709469 2.03108665 1.60138191]
 [2.39224664 1.28174513 0.81240723 2.26915921 2.09531926 2.24672937
  2.41775992 1.64280573 0.96469321]
 [2.02952675 2.12858039 1.03670737 2.88716534 1.82715819 2.55205465
  2.77697325 2.008331   1.09433188]
 [2.15618695 1.39124834 0.95060175 1.83066701 1.43776623 2.30166634
  2.48071931 1.9018839  1.06971655]
 [1.72911286 2.02260685 0.48972629 2.34457241 2.07178695 2.47327272
  2.76092432 1.5397353  1.16803912]]

Result: True

