c1 = (m11 + m12 - m14 + m16 - m17 + m18 - m23 - m29 + m31 - m46 + m122 + m135 + m136 + m141 - m143 + m147 + m152 + m156 + m252 + m253 + m254 + m255 + m258 + m262 + m264 + m265 + m266 + m275 + m277 + m279 + m287 + m290 + m291 + m293 - m299 - m300 - m301 - m302 - m305 - m309 - m311 - m312 - m313 - m322 - m324 - m326 - m334 - m337 - m338 - m340)
c2 = (m3 - m13 - m23 - m25 - m39 - m43 + m45 - m47 + m121 + m122 - m127 + m131 + m135 + m136 - m148 + m149 + m152 + m160 - m251 - m252 - m253 - m254 - m255 - m258 - m273 - m275 - m290 + m298 + m299 + m300 + m301 + m302 + m305 + m320 + m322 + m337)
c3 = (m12 - m14 + m16 - m17 + m18 - m38 - m39 + m45 - m46 + m47 - m112 + m117 + m118 + m122 + m135 + m136 - m154 - m159 + m163 + m259 + m260 + m261 - m262 - m266 - m273 - m279 - m287 - m291 - m293 + m295 - m306 - m307 - m308 + m309 + m313 + m320 + m326 + m334 + m338 + m340 - m342)
c4 = (m211 + m214 + m215 - m217 - m222 + m229 - m234 + m243 + m252 + m253 + m254 + m255 + m258 + m262 + m264 + m265 + m266 + m275 + m277 + m279 + m287 + m290 + m291 + m293)
c5 = (m211 - m212 + m214 - m236 - m237 + m243 + m244 - m251 - m252 - m253 - m254 - m255 - m258 - m273 - m275 - m290)
c6 = (m215 - m216 - m217 - m222 - m225 + m235 - m237 + m239 + m259 + m260 + m261 - m262 - m266 - m273 - m279 - m287 - m291 - m293 + m295)
c7 = (m8 - m9 + m15 - m20 - m21 - m22 - m29 - m32 + m36 + m40 - m110 + m122 - m124 + m134 + m136 - m139 + m140 + m141 + m144 - m145 - m146 + m147 + m149 + m152 + m156 - m256 - m257 - m258 - m259 - m268 - m269 - m270 - m274 - m276 - m277 + m303 + m304 + m305 + m306 + m315 + m316 + m317 + m321 + m323 + m324)
c8 = (m1 + m10 + m21 + m22 - m28 - m29 + m32 + m37 + m42 - m111 + m116 + m133 + m134 + m136 - m139 + m140 + m141 - m142 + m144 - m148 + m149 + m152 + m158 - m249 - m250 + m254 - m255 - m261 - m267 - m272 + m273 + m290 + m296 + m297 - m301 + m302 + m308 + m314 + m319 - m320 - m337)
c9 = (m8 - m9 - m11 + m15 - m20 + m26 + m36 + m37 + m47 + m106 - m109 - m110 + m114 + m122 - m124 - m137 - m145 + m147 + m162 + m163 - m250 + m254 - m255 + m257 - m261 + m263 - m267 + m268 + m269 + m270 - m272 + m273 + m274 + m276 + m284 + m290 - m295 + m297 - m301 + m302 - m304 + m308 - m310 + m314 - m315 - m316 - m317 + m319 - m320 - m321 - m323 - m331 - m337 + m342)
c10 = ( - m211 - m216 + m218 - m228 - m229 + m231 + m233 + m240 - m256 - m257 - m258 - m259 - m268 - m269 - m270 - m274 - m276 - m277)
c11 = (m213 + m219 - m220 - m223 - m235 + m237 + m243 + m248 - m249 - m250 + m254 - m255 - m261 - m267 - m272 + m273 + m290)
c12 = (m218 - m220 - m223 - m228 - m235 + m237 + m238 - m239 + m240 + m243 - m250 + m254 - m255 + m257 - m261 + m263 - m267 + m268 + m269 + m270 - m272 + m273 + m274 + m276 + m284 + m290 - m295)
c13 = ( - m3 + m4 - m5 - m8 + m10 + m16 - m17 - m27 - m124 - m132 + m140 + m144 - m145 - m146 + m149 - m157 - m253 - m254 - m262 - m264 + m282 - m286 - m287 + m288 - m291 - m293 + m294 + m300 + m301 + m309 + m311 - m329 + m333 + m334 - m335 + m338 + m340 - m341)
c14 = ( - m1 - m2 - m3 + m4 - m5 - m6 + m7 - m15 + m16 - m17 - m19 - m36 + m123 - m124 + m126 - m128 - m132 + m144 - m148 + m149 + m152 + m155 + m254 + m270 + m271 + m280 - m286 - m287 + m288 + m289 - m291 - m294 - m301 - m317 - m318 - m327 + m333 + m334 - m335 - m336 + m338 + m341)
c15 = (m1 + m2 - m12 + m13 + m15 + m19 - m24 + m36 + m113 + m115 + m119 - m124 - m132 + m144 - m153 + m154 + m254 - m267 + m268 + m278 - m280 + m284 + m285 + m286 + m287 - m288 + m291 + m293 - m301 + m314 - m315 - m325 + m327 - m331 - m332 - m333 - m334 + m335 - m338 - m340)
c16 = ( - m212 + m215 - m219 - m229 - m230 + m232 + m240 - m241 - m253 - m254 - m262 - m264 + m282 - m286 - m287 + m288 - m291 - m293 + m294)
c17 = ( - m219 - m222 + m226 - m230 + m240 - m244 - m246 - m247 + m254 + m270 + m271 + m280 - m286 - m287 + m288 + m289 - m291 - m294)
c18 = (m213 - m218 - m222 + m226 - m227 + m239 - m244 + m245 - m246 + m254 - m267 + m268 + m278 - m280 + m284 + m285 + m286 + m287 - m288 + m291 + m293)
c19 = (m16 - m20 - m22 - m32 + m34 + m36 + m40 + m110 - m111 + m125 + m126 - m127 - m129 - m130 - m132 + m135 + m151 + m252 + m255 + m265 + m266 - m269 - m270 - m276 + m283 + m286 - m288 - m290 + m294 - m299 - m302 - m312 - m313 + m316 + m317 + m323 - m330 - m333 + m335 + m337 - m341)
c20 = ( - m5 - m6 + m16 - m19 + m32 - m36 + m37 + m41 - m116 + m121 + m122 + m123 - m124 + m125 + m126 - m127 - m128 - m129 + m131 - m132 - m133 + m135 + m151 - m255 - m270 - m271 - m276 - m280 + m286 + m287 - m288 - m290 + m292 + m294 + m302 + m317 + m318 + m323 + m327 - m333 - m334 + m335 + m337 - m339 - m341)
c21 = ( - m14 + m16 - m30 + m36 + m37 + m45 + m107 - m108 + m114 - m116 + m121 + m122 + m123 - m124 + m138 + m161 - m250 - m255 + m257 + m263 + m269 + m270 + m276 + m280 + m281 - m285 - m286 + m288 + m290 + m297 + m302 - m304 - m310 - m316 - m317 - m323 - m327 - m328 + m332 + m333 - m335 - m337)
c22 = ( - m214 + m217 + m222 - m224 + m234 - m240 - m243 + m252 + m255 + m265 + m266 - m269 - m270 - m276 + m283 + m286 - m288 - m290 + m294)
c23 = (m222 - m226 + m230 - m240 + m242 - m243 + m247 - m255 - m270 - m271 - m276 - m280 + m286 + m287 - m288 - m290 + m292 + m294)
c24 = (m221 + m222 + m223 + m228 - m238 - m240 - m243 - m250 - m255 + m257 + m263 + m269 + m270 + m276 + m280 + m281 - m285 - m286 + m288 + m290)
c25 = (m11 + m12 - m14 + m16 - m17 + m18 - m23 - m29 + m31 - m46 + m64 + m77 + m78 + m83 - m85 + m89 + m94 + m98)
c26 = (m3 - m13 - m23 - m25 - m39 - m43 + m45 - m47 + m63 + m64 - m69 + m73 + m77 + m78 - m90 + m91 + m94 + m102)
c27 = (m12 - m14 + m16 - m17 + m18 - m38 - m39 + m45 - m46 + m47 - m54 + m59 + m60 + m64 + m77 + m78 - m96 - m101 + m105)
c28 = (m64 + m77 + m78 + m83 - m85 + m89 + m94 + m98 - m122 - m135 - m136 - m141 + m143 - m147 - m152 - m156 + m174 + m175 - m177 + m179 - m180 + m181 - m186 - m192 + m194 - m209 + m211 + m214 + m215 - m217 - m222 + m229 - m234 + m243)
c29 = (m63 + m64 - m69 + m73 + m77 + m78 - m90 + m91 + m94 + m102 - m121 - m122 + m127 - m131 - m135 - m136 + m148 - m149 - m152 - m160 + m166 - m176 - m186 - m188 - m202 - m206 + m208 - m210 + m211 - m212 + m214 - m236 - m237 + m243 + m244)
c30 = ( - m54 + m59 + m60 + m64 + m77 + m78 - m96 - m101 + m105 + m112 - m117 - m118 - m122 - m135 - m136 + m154 + m159 - m163 + m175 - m177 + m179 - m180 + m181 - m201 - m202 + m208 - m209 + m210 + m215 - m216 - m217 - m222 - m225 + m235 - m237 + m239)
c31 = (m8 - m9 + m15 - m20 - m21 - m22 - m29 - m32 + m36 + m40 - m52 + m64 - m66 + m76 + m78 - m81 + m82 + m83 + m86 - m87 - m88 + m89 + m91 + m94 + m98)
c32 = (m1 + m10 + m21 + m22 - m28 - m29 + m32 + m37 + m42 - m53 + m58 + m75 + m76 + m78 - m81 + m82 + m83 - m84 + m86 - m90 + m91 + m94 + m100)
c33 = (m8 - m9 - m11 + m15 - m20 + m26 + m36 + m37 + m47 + m48 - m51 - m52 + m56 + m64 - m66 - m79 - m87 + m89 + m104 + m105)
c34 = ( - m52 + m64 - m66 + m76 + m78 - m81 + m82 + m83 + m86 - m87 - m88 + m89 + m91 + m94 + m98 + m110 - m122 + m124 - m134 - m136 + m139 - m140 - m141 - m144 + m145 + m146 - m147 - m149 - m152 - m156 + m171 - m172 + m178 - m183 - m184 - m185 - m192 - m195 + m199 + m203 - m211 - m216 + m218 - m228 - m229 + m231 + m233 + m240)
c35 = ( - m53 + m58 + m75 + m76 + m78 - m81 + m82 + m83 - m84 + m86 - m90 + m91 + m94 + m100 + m111 - m116 - m133 - m134 - m136 + m139 - m140 - m141 + m142 - m144 + m148 - m149 - m152 - m158 + m164 + m173 + m184 + m185 - m191 - m192 + m195 + m200 + m205 + m213 + m219 - m220 - m223 - m235 + m237 + m243 + m248)
c36 = (m48 - m51 - m52 + m56 + m64 - m66 - m79 - m87 + m89 + m104 + m105 - m106 + m109 + m110 - m114 - m122 + m124 + m137 + m145 - m147 - m162 - m163 + m171 - m172 - m174 + m178 - m183 + m189 + m199 + m200 + m210 + m218 - m220 - m223 - m228 - m235 + m237 + m238 - m239 + m240 + m243)
c37 = ( - m3 + m4 - m5 - m8 + m10 + m16 - m17 - m27 - m66 - m74 + m82 + m86 - m87 - m88 + m91 - m99)
c38 = ( - m1 - m2 - m3 + m4 - m5 - m6 + m7 - m15 + m16 - m17 - m19 - m36 + m65 - m66 + m68 - m70 - m74 + m86 - m90 + m91 + m94 + m97)
c39 = (m1 + m2 - m12 + m13 + m15 + m19 - m24 + m36 + m55 + m57 + m61 - m66 - m74 + m86 - m95 + m96)
c40 = ( - m66 - m74 + m82 + m86 - m87 - m88 + m91 - m99 + m124 + m132 - m140 - m144 + m145 + m146 - m149 + m157 - m166 + m167 - m168 - m171 + m173 + m179 - m180 - m190 - m212 + m215 - m219 - m229 - m230 + m232 + m240 - m241)
c41 = (m65 - m66 + m68 - m70 - m74 + m86 - m90 + m91 + m94 + m97 - m123 + m124 - m126 + m128 + m132 - m144 + m148 - m149 - m152 - m155 - m164 - m165 - m166 + m167 - m168 - m169 + m170 - m178 + m179 - m180 - m182 - m199 - m219 - m222 + m226 - m230 + m240 - m244 - m246 - m247)
c42 = (m55 + m57 + m61 - m66 - m74 + m86 - m95 + m96 - m113 - m115 - m119 + m124 + m132 - m144 + m153 - m154 + m164 + m165 - m175 + m176 + m178 + m182 - m187 + m199 + m213 - m218 - m222 + m226 - m227 + m239 - m244 + m245 - m246)
c43 = (m16 - m20 - m22 - m32 + m34 + m36 + m40 + m52 - m53 + m67 + m68 - m69 - m71 - m72 - m74 + m77 + m93)
c44 = ( - m5 - m6 + m16 - m19 + m32 - m36 + m37 + m41 - m58 + m63 + m64 + m65 - m66 + m67 + m68 - m69 - m70 - m71 + m73 - m74 - m75 + m77 + m93)
c45 = ( - m14 + m16 - m30 + m36 + m37 + m45 + m49 - m50 + m56 - m58 + m63 + m64 + m65 - m66 + m80 + m103)
c46 = (m52 - m53 + m67 + m68 - m69 - m71 - m72 - m74 + m77 + m93 - m110 + m111 - m125 - m126 + m127 + m129 + m130 + m132 - m135 - m151 + m179 - m183 - m185 - m195 + m197 + m199 + m203 - m214 + m217 + m222 - m224 + m234 - m240 - m243)
c47 = ( - m58 + m63 + m64 + m65 - m66 + m67 + m68 - m69 - m70 - m71 + m73 - m74 - m75 + m77 + m93 + m116 - m121 - m122 - m123 + m124 - m125 - m126 + m127 + m128 + m129 - m131 + m132 + m133 - m135 - m151 - m168 - m169 + m179 - m182 + m195 - m199 + m200 + m204 + m222 - m226 + m230 - m240 + m242 - m243 + m247)
c48 = (m49 - m50 + m56 - m58 + m63 + m64 + m65 - m66 + m80 + m103 - m107 + m108 - m114 + m116 - m121 - m122 - m123 + m124 - m138 - m161 - m177 + m179 - m193 + m199 + m200 + m208 + m221 + m222 + m223 + m228 - m238 - m240 - m243)
c49 = ( - m9 + m15 - m17 - m21 - m23 + m35 - m46 - m49 - m51 + m54 + m57 - m74 - m76 - m77 + m92 - m93)
c50 = ( - m2 + m4 + m7 - m15 - m17 - m23 - m44 - m48 - m50 + m55 - m59 - m62 + m71 + m75 - m78 + m86 - m93)
c51 = (m15 - m17 + m18 - m33 - m38 - m39 - m46 - m48 - m49 + m54 + m55 - m56 + m57 - m59 - m60 + m61 - m74 - m77 - m78 + m86)
c52 = ( - m49 - m51 + m54 + m57 - m74 - m76 - m77 + m92 - m93 + m107 + m109 - m112 - m115 + m132 + m134 + m135 - m150 + m151 - m172 + m178 - m180 - m184 - m186 + m198 - m209)
c53 = ( - m48 - m50 + m55 - m59 - m62 + m71 + m75 - m78 + m86 - m93 + m106 + m108 - m113 + m117 + m120 - m129 - m133 + m136 - m144 + m151 - m165 + m167 + m170 - m178 - m180 - m186 - m207)
c54 = ( - m48 - m49 + m54 + m55 - m56 + m57 - m59 - m60 + m61 - m74 - m77 - m78 + m86 + m106 + m107 - m112 - m113 + m114 - m115 + m117 + m118 - m119 + m132 + m135 + m136 - m144 + m178 - m180 + m181 - m196 - m201 - m202 - m209)

res_mul_num: [52, 36, 44, 25, 16, 20, 47, 41, 54, 19, 17, 27, 38, 42, 40, 19, 18, 21, 41, 45, 42, 19, 18, 20, 18, 18, 20, 34, 35, 37, 25, 23, 20, 48, 45, 41, 16, 22, 16, 32, 40, 33, 17, 23, 16, 34, 45, 33, 16, 17, 21, 25, 27, 34]

res_add_num: [470, 369, 369, 100, 61, 75, 492, 474, 516, 79, 74, 117, 310, 312, 322, 66, 60, 78, 386, 396, 366, 72, 64, 74, 113, 131, 117, 317, 366, 345, 168, 185, 110, 503, 547, 332, 109, 127, 99, 274, 373, 255, 108, 137, 92, 353, 424, 280, 88, 92, 126, 231, 257, 353]

Sorted indices: [34, 8, 33, 6, 0, 7, 46, 19, 18, 2, 40, 20, 1, 28, 45, 53, 29, 35, 14, 13, 27, 12, 47, 39, 41, 52, 51, 31, 30, 43, 25, 37, 50, 11, 26, 24, 32, 3, 36, 42, 38, 49, 44, 48, 17, 9, 5, 23, 10, 21, 15, 22, 16, 4]
level0:
add0: b20 + b22
add1: b18 + b54
add2: b1 + b3
add3: b8 + b44
add4: b1 + b4
add5: b9 + b45
add6: b12 + b13
add7: b27 + b63
add8: b1 + b2
add9: b6 + b42
add10: b20 + b21
add11: b17 + b53
add12: b21 + b22
add13: b35 + b71
add14: b19 + b20
add15: b14 + b50
add16: b29 + b39
add17: b12 + b19
add18: b28 + b48
add19: b2 + b19
add20: b46 + b49
add21: b30 + b31
add22: b38 + b40
add23: b43 + b44
add24: b43 + b45
add25: b32 + b51
add26: b38 + b46
add27: b50 + b54
add28: b33 + b35
add29: b39 + b40

level1:
mul0: add0 * add1
mul1: add2 * add3
mul2: add4 * add5
mul3: add6 * add7
mul4: add8 * add9
mul5: add10 * add11
mul6: add12 * add13
mul7: add14 * add15
mul8: add16 * add17
mul9: add18 * add19
mul10: b4 * add20
mul11: b22 * add21
mul12: b13 * add22
mul13: b57 * add23
mul14: b58 * add24
mul15: add25 * add26
mul16: b40 * add27
mul17: b48 * add28
mul18: b41 * add29

bias：
Unexpected coefficient: u(0,37):2
Unexpected coefficient: u(18,37):-2
Unexpected coefficient: u(1,41):-2
Unexpected coefficient: u(0,200):2
Unexpected coefficient: u(4,200):2
Unexpected coefficient: u(18,200):-2
Unexpected coefficient: u(22,200):-2
Unexpected coefficient: u(27,200):-2
Unexpected coefficient: u(31,200):-2
Unexpected coefficient: u(45,200):2
Unexpected coefficient: u(49,200):2
Unexpected coefficient: u(1,204):-2
Unexpected coefficient: u(5,204):-2
Unexpected coefficient: u(28,204):2
Unexpected coefficient: u(32,204):2
Unexpected coefficient: u(27,231):-2
Unexpected coefficient: v(20,240):-2
Unexpected coefficient: v(29,240):-2
Unexpected coefficient: u(49,270):-2
Unexpected coefficient: u(53,270):-2
Unexpected coefficient: u(22,317):-2
Unexpected coefficient: u(26,317):-2
Unexpected coefficient: u(49,317):2
Unexpected coefficient: u(53,317):2
Unexpected coefficient: w(0,285):2
Unexpected coefficient: w(0,332):-2
Unexpected coefficient: w(2,22):-2
Unexpected coefficient: w(2,285):-2
Unexpected coefficient: w(2,332):2
Unexpected coefficient: w(3,285):2
Unexpected coefficient: w(5,285):-2
Unexpected coefficient: w(6,289):-2
Unexpected coefficient: w(6,336):2
Unexpected coefficient: w(9,289):-2
Unexpected coefficient: w(26,22):-2
Unexpected coefficient: w(29,185):-2
Unexpected coefficient: w(50,22):-2
Unexpected coefficient: w(53,185):-2
arr0:
[[0.15504269 0.80779594 0.79499829 0.92305193 0.80691714 0.39351763
  0.50579302 0.52652703 0.94854559]
 [0.30299088 0.20739209 0.91261689 0.82937438 0.66791978 0.4820288
  0.72506821 0.73550808 0.19939001]
 [0.08094052 0.97575493 0.05532825 0.20448427 0.88935779 0.46159016
  0.72589501 0.27736451 0.54270521]
 [0.32722209 0.47398601 0.49294456 0.00842204 0.32766067 0.89505053
  0.05549577 0.71893291 0.54440225]
 [0.77157463 0.63580843 0.01679406 0.96713741 0.24740166 0.29187663
  0.55288414 0.29710728 0.00394015]
 [0.52285682 0.19418901 0.27691586 0.79759572 0.46830323 0.59089223
  0.55871189 0.25382125 0.69953405]]
arr1:
[[0.419703   0.66759655 0.89671029 0.53247632 0.24055525 0.72604169
  0.20501693 0.470127   0.829836  ]
 [0.31314448 0.26267965 0.63934796 0.9647678  0.78489237 0.48360507
  0.91410751 0.40870404 0.09784552]
 [0.05442141 0.80789148 0.59070545 0.61243829 0.39627565 0.25673696
  0.08041096 0.20941836 0.93855165]
 [0.24405559 0.12926536 0.01904527 0.86858401 0.38010419 0.03787871
  0.65607623 0.80871561 0.78717729]
 [0.35809987 0.35704915 0.79010584 0.23580651 0.66267701 0.41294195
  0.8094414  0.27048943 0.89037131]
 [0.90298778 0.43328152 0.03119608 0.07106349 0.54426242 0.54255063
  0.71511672 0.27922274 0.84391136]
 [0.04937901 0.80452105 0.92376115 0.39758297 0.00463154 0.7930477
  0.91672175 0.71081292 0.9313831 ]
 [0.73286135 0.30441204 0.17223525 0.55601486 0.36173356 0.74078828
  0.08565199 0.27983514 0.2422226 ]
 [0.9455049  0.91380573 0.97452936 0.24930076 0.2510429  0.30999105
  0.95179443 0.75090427 0.63962801]]
res:
[[2.53856954 2.9698902  3.2748108  3.09909335 2.51705659 2.37420798
  3.78587085 2.8632865  3.93634169]
 [1.88199014 2.53802638 2.49272058 2.57941429 1.93699987 2.30501367
  2.67202474 2.27524323 3.76362246]
 [1.87997314 2.06337951 2.69729858 2.01661043 1.96550332 2.1196573
  3.30286357 1.98436358 2.64733398]
 [2.28455277 2.00807028 1.88024593 1.63912921 1.75054924 1.95993778
  2.08142284 1.4455696  2.40832917]
 [1.36080162 1.57434946 1.89704542 2.33965451 1.49274398 1.82891998
  2.32027139 2.0357667  2.53559274]
 [2.06626672 2.31611627 2.40176398 2.01820585 1.59304854 1.93676634
  2.83161197 2.31330677 3.28555705]]
res_ref:
[[2.53856954 2.9698902  3.2748108  3.09909335 2.51705659 2.37420798
  3.78587085 2.8632865  3.93634169]
 [1.88199014 2.53802638 2.49272058 2.57941429 1.93699987 2.30501367
  2.67202474 2.27524323 3.76362246]
 [1.87997314 2.06337951 2.69729858 2.01661043 1.96550332 2.1196573
  3.30286357 1.98436358 2.64733398]
 [2.28455277 2.00807028 1.88024593 1.63912921 1.75054924 1.95993778
  2.08142284 1.4455696  2.40832917]
 [1.36080162 1.57434946 1.89704542 2.33965451 1.49274398 1.82891998
  2.32027139 2.0357667  2.53559274]
 [2.06626672 2.31611627 2.40176398 2.01820585 1.59304854 1.93676634
  2.83161197 2.31330677 3.28555705]]

Result: True

