c1 = ( - m80 - m81 - m82 - m85 + m89 + m91 + m100 + m101 + m103 + m113 - m123 + m169 + m182 + m183 + m188 - m190 + m194 + m199 + m203 - m214 - m215 - m216 - m219 + m223 + m225 + m234 + m235 + m237 + m247 - m257 + m437 + m450 + m451 + m456 - m458 + m462 + m467 + m471)
c2 = ( - m81 + m89 + m101 + m103 + m104 - m105 + m112 + m114 + m126 - m145 + m168 + m169 - m174 + m178 + m182 + m183 - m195 + m196 + m199 + m207 - m215 + m223 + m235 + m237 + m238 - m239 + m246 + m248 + m260 - m279 + m436 + m437 - m442 + m446 + m450 + m451 - m463 + m464 + m467 + m475)
c3 = (m82 - m91 + m96 - m103 + m108 - m113 + m115 + m116 + m128 + m129 - m159 + m164 + m165 + m169 + m182 + m183 - m201 - m206 + m210 + m216 - m225 + m230 - m237 + m242 - m247 + m249 + m250 + m262 + m263 - m427 + m432 + m433 + m437 + m450 + m451 - m469 - m474 + m478)
c4 = ( - m214 - m215 - m216 - m219 + m223 + m225 + m234 + m235 + m237 + m247 - m257 - m290 - m291 - m292 - m295 + m299 + m301 + m310 + m311 + m313 + m323 - m333)
c5 = ( - m215 + m223 + m235 + m237 + m238 - m239 + m246 + m248 + m260 - m279 - m291 + m299 + m311 + m313 + m314 - m315 + m322 + m324 + m336 - m355)
c6 = (m216 - m225 + m230 - m237 + m242 - m247 + m249 + m250 + m262 + m263 + m292 - m301 + m306 - m313 + m318 - m323 + m325 + m326 + m338 + m339)
c7 = (m214 + m219 - m227 + m233 - m234 - m237 + m240 + m271 - m274 + m276 + m290 + m295 - m303 + m309 - m310 - m313 + m316 + m347 - m350 + m352)
c8 = (m80 + m81 + m82 + m85 - m89 - m90 - m91 - m120 + m123 - m157 + m169 - m171 + m181 + m183 - m186 + m187 + m188 + m191 - m192 - m193 + m194 + m196 + m199 + m203 + m214 + m215 + m216 + m219 - m223 - m224 - m225 - m254 + m257 - m425 + m437 - m439 + m449 + m451 - m454 + m455 + m456 + m459 - m460 - m461 + m462 + m464 + m467 + m471)
c9 = (m83 - m84 + m85 - m86 - m89 - m90 + m91 + m119 - m121 - m158 + m163 + m180 + m181 + m183 - m186 + m187 + m188 - m189 + m191 - m195 + m196 + m199 + m205 + m217 - m218 + m219 - m220 - m223 - m224 + m225 + m253 - m255 - m426 + m431 + m448 + m449 + m451 - m454 + m455 + m456 - m457 + m459 - m463 + m464 + m467 + m473)
c10 = (m77 - m78 - m79 + m85 + m87 - m89 + m90 + m91 - m147 + m153 - m156 - m157 + m161 + m169 - m171 - m184 - m192 + m194 + m209 + m210 + m211 - m212 - m213 + m219 + m221 - m223 + m224 + m225 - m281 + m421 - m424 - m425 + m429 + m437 - m439 - m452 - m460 + m462 + m477 + m478)
c11 = (m214 + m215 + m216 + m219 - m223 - m224 - m225 - m254 + m257 + m290 + m291 + m292 + m295 - m299 - m300 - m301 - m330 + m333)
c12 = (m217 - m218 + m219 - m220 - m223 - m224 + m225 + m253 - m255 + m293 - m294 + m295 - m296 - m299 - m300 + m301 + m329 - m331)
c13 = (m211 - m212 - m213 + m219 + m221 - m223 + m224 + m225 - m281 + m287 - m288 - m289 + m295 + m297 - m299 + m300 + m301 - m357)
c14 = ( - m219 - m222 + m223 + m224 - m225 + m256 - m277 + m278 + m282 - m295 - m298 + m299 + m300 - m301 + m332 - m353 + m354 + m358)
c15 = ( - m90 + m92 - m94 + m99 + m101 + m106 + m113 + m138 - m139 - m148 - m171 - m179 + m187 + m191 - m192 - m193 + m196 - m204 - m224 + m226 - m228 + m233 + m235 + m240 + m247 + m272 - m273 - m282 - m439 - m447 + m455 + m459 - m460 - m461 + m464 - m472)
c16 = (m88 - m89 - m94 + m105 - m109 - m110 + m111 - m142 - m146 + m149 + m170 - m171 + m173 - m175 - m179 + m191 - m195 + m196 + m199 + m202 + m222 - m223 - m228 + m239 - m243 - m244 + m245 - m276 - m280 + m283 + m438 - m439 + m441 - m443 - m447 + m459 - m463 + m464 + m467 + m470)
c17 = (m91 + m93 - m94 - m96 - m98 + m117 - m118 + m132 + m143 - m150 + m160 + m162 + m166 - m171 - m179 + m191 - m200 + m201 + m225 + m227 - m228 - m230 - m232 + m251 - m252 + m266 + m277 - m284 + m428 + m430 + m434 - m439 - m447 + m459 - m468 + m469)
c18 = ( - m224 + m226 - m228 + m233 + m235 + m240 + m247 + m272 - m273 - m282 - m300 + m302 - m304 + m309 + m311 + m316 + m323 + m348 - m349 - m358)
c19 = (m222 - m223 - m228 + m239 - m243 - m244 + m245 - m276 - m280 + m283 + m298 - m299 - m304 + m315 - m319 - m320 + m321 - m352 - m356 + m359)
c20 = (m225 + m227 - m228 - m230 - m232 + m251 - m252 + m266 + m277 - m284 + m301 + m303 - m304 - m306 - m308 + m327 - m328 + m342 + m353 - m360)
c21 = ( - m222 + m223 + m224 - m225 - m226 - m227 + m228 + m276 - m277 + m278 + m282 - m298 + m299 + m300 - m301 - m302 - m303 + m304 + m352 - m353 + m354 + m358)
c22 = ( - m78 + m90 + m97 + m98 - m100 - m101 - m115 - m116 + m135 + m136 + m157 - m158 + m172 + m173 - m174 - m176 - m177 - m179 + m182 + m198 - m212 + m224 + m231 + m232 - m234 - m235 - m249 - m250 + m269 + m270 + m425 - m426 + m440 + m441 - m442 - m444 - m445 - m447 + m450 + m466)
c23 = ( - m87 + m89 + m95 - m96 - m97 - m102 + m104 + m109 - m127 - m130 - m163 + m168 + m169 + m170 - m171 + m172 + m173 - m174 - m175 - m176 + m178 - m179 - m180 + m182 + m198 - m221 + m223 + m229 - m230 - m231 - m236 + m238 + m243 - m261 - m264 - m431 + m436 + m437 + m438 - m439 + m440 + m441 - m442 - m443 - m444 + m446 - m447 - m448 + m450 + m466)
c24 = (m78 + m79 - m85 - m87 + m89 - m90 - m96 - m97 - m98 - m108 + m147 + m154 - m155 + m161 - m163 + m168 + m169 + m170 - m171 + m185 + m208 + m212 + m213 - m219 - m221 + m223 - m224 - m230 - m231 - m232 - m242 + m281 + m422 - m423 + m429 - m431 + m436 + m437 + m438 - m439 + m453 + m476)
c25 = ( - m212 + m224 + m231 + m232 - m234 - m235 - m249 - m250 + m269 + m270 - m288 + m300 + m307 + m308 - m310 - m311 - m325 - m326 + m345 + m346)
c26 = ( - m221 + m223 + m229 - m230 - m231 - m236 + m238 + m243 - m261 - m264 - m297 + m299 + m305 - m306 - m307 - m312 + m314 + m319 - m337 - m340)
c27 = (m212 + m213 - m219 - m221 + m223 - m224 - m230 - m231 - m232 - m242 + m281 + m288 + m289 - m295 - m297 + m299 - m300 - m306 - m307 - m308 - m318 + m357)
c28 = ( - m213 + m219 - m226 + m231 + m242 + m251 - m252 - m275 + m276 + m285 - m289 + m295 - m302 + m307 + m318 + m327 - m328 - m351 + m352 + m361)
c29 = ( - m86 - m90 + m100 + m107 + m109 - m112 + m113 - m114 + m133 - m152 - m154 - m156 + m159 + m162 - m179 - m181 - m182 + m197 - m198 - m220 - m224 + m234 + m241 + m243 - m246 + m247 - m248 + m267 - m286 - m422 - m424 + m427 + m430 - m447 - m449 - m450 + m465 - m466)
c30 = (m83 - m84 + m85 - m86 - m90 + m91 + m104 - m105 + m107 + m109 - m121 - m153 - m155 + m160 - m164 - m167 + m176 + m180 - m183 + m191 - m198 + m217 - m218 + m219 - m220 - m224 + m225 + m238 - m239 + m241 + m243 - m255 - m421 - m423 + m428 - m432 - m435 + m444 + m448 - m451 + m459 - m466)
c31 = ( - m84 + m91 - m95 - m98 + m102 - m105 + m107 - m108 - m124 + m125 - m153 - m154 + m159 + m160 - m161 + m162 - m164 - m165 + m166 - m179 - m182 - m183 + m191 - m218 + m225 - m229 - m232 + m236 - m239 + m241 - m242 - m258 + m259 - m421 - m422 + m427 + m428 - m429 + m430 - m432 - m433 + m434 - m447 - m450 - m451 + m459)
c32 = ( - m220 - m224 + m234 + m241 + m243 - m246 + m247 - m248 + m267 - m286 - m296 - m300 + m310 + m317 + m319 - m322 + m323 - m324 + m343 - m362)
c33 = (m217 - m218 + m219 - m220 - m224 + m225 + m238 - m239 + m241 + m243 - m255 + m293 - m294 + m295 - m296 - m300 + m301 + m314 - m315 + m317 + m319 - m331)
c34 = ( - m218 + m225 - m229 - m232 + m236 - m239 + m241 - m242 - m258 + m259 - m294 + m301 - m305 - m308 + m312 - m315 + m317 - m318 - m334 + m335)
c35 = ( - m217 - m219 + m226 + m227 - m238 - m241 + m244 - m245 - m265 + m268 - m293 - m295 + m302 + m303 - m314 - m317 + m320 - m321 - m341 + m344)
c36 = (m80 + m81 + m82 + m85 - m89 - m91 - m100 - m101 - m103 - m113 + m123 - m169 - m182 - m183 - m188 + m190 - m194 - m199 - m203 + m214 + m215 + m216 + m219 - m223 - m225 - m234 - m235 - m237 - m247 + m257 + m379 + m392 + m393 + m398 - m400 + m404 + m409 + m413)
c37 = (m81 - m89 - m101 - m103 - m104 + m105 - m112 - m114 - m126 + m145 - m168 - m169 + m174 - m178 - m182 - m183 + m195 - m196 - m199 - m207 + m215 - m223 - m235 - m237 - m238 + m239 - m246 - m248 - m260 + m279 + m378 + m379 - m384 + m388 + m392 + m393 - m405 + m406 + m409 + m417)
c38 = ( - m82 + m91 - m96 + m103 - m108 + m113 - m115 - m116 - m128 - m129 + m159 - m164 - m165 - m169 - m182 - m183 + m201 + m206 - m210 - m216 + m225 - m230 + m237 - m242 + m247 - m249 - m250 - m262 - m263 - m369 + m374 + m375 + m379 + m392 + m393 - m411 - m416 + m420)
c39 = ( - m4 - m5 - m6 - m9 + m13 + m15 + m24 + m25 + m27 + m37 - m47 + m80 + m81 + m82 + m85 - m89 - m91 - m100 - m101 - m103 - m113 + m123 + m214 + m215 + m216 + m219 - m223 - m225 - m234 - m235 - m237 - m247 + m257 + m379 + m392 + m393 + m398 - m400 + m404 + m409 + m413)
c40 = ( - m5 + m13 + m25 + m27 + m28 - m29 + m36 + m38 + m50 - m69 + m81 - m89 - m101 - m103 - m104 + m105 - m112 - m114 - m126 + m145 + m215 - m223 - m235 - m237 - m238 + m239 - m246 - m248 - m260 + m279 + m378 + m379 - m384 + m388 + m392 + m393 - m405 + m406 + m409 + m417)
c41 = (m6 - m15 + m20 - m27 + m32 - m37 + m39 + m40 + m52 + m53 - m82 + m91 - m96 + m103 - m108 + m113 - m115 - m116 - m128 - m129 - m216 + m225 - m230 + m237 - m242 + m247 - m249 - m250 - m262 - m263 - m369 + m374 + m375 + m379 + m392 + m393 - m411 - m416 + m420)
c42 = (m4 + m9 - m17 + m23 - m24 - m27 + m30 + m61 - m64 + m66 - m80 - m85 + m93 - m99 + m100 + m103 - m106 - m137 + m140 - m142 - m214 - m219 + m227 - m233 + m234 + m237 - m240 - m271 + m274 - m276)
c43 = ( - m80 - m81 - m82 - m85 + m89 + m90 + m91 + m120 - m123 + m157 - m169 + m171 - m181 - m183 + m186 - m187 - m188 - m191 + m192 + m193 - m194 - m196 - m199 - m203 - m214 - m215 - m216 - m219 + m223 + m224 + m225 + m254 - m257 - m367 + m379 - m381 + m391 + m393 - m396 + m397 + m398 + m401 - m402 - m403 + m404 + m406 + m409 + m413)
c44 = ( - m83 + m84 - m85 + m86 + m89 + m90 - m91 - m119 + m121 + m158 - m163 - m180 - m181 - m183 + m186 - m187 - m188 + m189 - m191 + m195 - m196 - m199 - m205 - m217 + m218 - m219 + m220 + m223 + m224 - m225 - m253 + m255 - m368 + m373 + m390 + m391 + m393 - m396 + m397 + m398 - m399 + m401 - m405 + m406 + m409 + m415)
c45 = ( - m77 + m78 + m79 - m85 - m87 + m89 - m90 - m91 + m147 - m153 + m156 + m157 - m161 - m169 + m171 + m184 + m192 - m194 - m209 - m210 - m211 + m212 + m213 - m219 - m221 + m223 - m224 - m225 + m281 + m363 - m366 - m367 + m371 + m379 - m381 - m394 - m402 + m404 + m419 + m420)
c46 = (m4 + m5 + m6 + m9 - m13 - m14 - m15 - m44 + m47 - m80 - m81 - m82 - m85 + m89 + m90 + m91 + m120 - m123 - m214 - m215 - m216 - m219 + m223 + m224 + m225 + m254 - m257 - m367 + m379 - m381 + m391 + m393 - m396 + m397 + m398 + m401 - m402 - m403 + m404 + m406 + m409 + m413)
c47 = (m7 - m8 + m9 - m10 - m13 - m14 + m15 + m43 - m45 - m83 + m84 - m85 + m86 + m89 + m90 - m91 - m119 + m121 - m217 + m218 - m219 + m220 + m223 + m224 - m225 - m253 + m255 - m368 + m373 + m390 + m391 + m393 - m396 + m397 + m398 - m399 + m401 - m405 + m406 + m409 + m415)
c48 = (m1 - m2 - m3 + m9 + m11 - m13 + m14 + m15 - m71 - m77 + m78 + m79 - m85 - m87 + m89 - m90 - m91 + m147 - m211 + m212 + m213 - m219 - m221 + m223 - m224 - m225 + m281 + m363 - m366 - m367 + m371 + m379 - m381 - m394 - m402 + m404 + m419 + m420)
c49 = ( - m9 - m12 + m13 + m14 - m15 + m46 - m67 + m68 + m72 + m85 + m88 - m89 - m90 + m91 - m122 + m143 - m144 - m148 + m219 + m222 - m223 - m224 + m225 - m256 + m277 - m278 - m282)
c50 = (m90 - m92 + m94 - m99 - m101 - m106 - m113 - m138 + m139 + m148 + m171 + m179 - m187 - m191 + m192 + m193 - m196 + m204 + m224 - m226 + m228 - m233 - m235 - m240 - m247 - m272 + m273 + m282 - m381 - m389 + m397 + m401 - m402 - m403 + m406 - m414)
c51 = ( - m88 + m89 + m94 - m105 + m109 + m110 - m111 + m142 + m146 - m149 - m170 + m171 - m173 + m175 + m179 - m191 + m195 - m196 - m199 - m202 - m222 + m223 + m228 - m239 + m243 + m244 - m245 + m276 + m280 - m283 + m380 - m381 + m383 - m385 - m389 + m401 - m405 + m406 + m409 + m412)
c52 = ( - m91 - m93 + m94 + m96 + m98 - m117 + m118 - m132 - m143 + m150 - m160 - m162 - m166 + m171 + m179 - m191 + m200 - m201 - m225 - m227 + m228 + m230 + m232 - m251 + m252 - m266 - m277 + m284 + m370 + m372 + m376 - m381 - m389 + m401 - m410 + m411)
c53 = ( - m14 + m16 - m18 + m23 + m25 + m30 + m37 + m62 - m63 - m72 + m90 - m92 + m94 - m99 - m101 - m106 - m113 - m138 + m139 + m148 + m224 - m226 + m228 - m233 - m235 - m240 - m247 - m272 + m273 + m282 - m381 - m389 + m397 + m401 - m402 - m403 + m406 - m414)
c54 = (m12 - m13 - m18 + m29 - m33 - m34 + m35 - m66 - m70 + m73 - m88 + m89 + m94 - m105 + m109 + m110 - m111 + m142 + m146 - m149 - m222 + m223 + m228 - m239 + m243 + m244 - m245 + m276 + m280 - m283 + m380 - m381 + m383 - m385 - m389 + m401 - m405 + m406 + m409 + m412)
c55 = (m15 + m17 - m18 - m20 - m22 + m41 - m42 + m56 + m67 - m74 - m91 - m93 + m94 + m96 + m98 - m117 + m118 - m132 - m143 + m150 - m225 - m227 + m228 + m230 + m232 - m251 + m252 - m266 - m277 + m284 + m370 + m372 + m376 - m381 - m389 + m401 - m410 + m411)
c56 = ( - m12 + m13 + m14 - m15 - m16 - m17 + m18 + m66 - m67 + m68 + m72 + m88 - m89 - m90 + m91 + m92 + m93 - m94 - m142 + m143 - m144 - m148 + m222 - m223 - m224 + m225 + m226 + m227 - m228 - m276 + m277 - m278 - m282)
c57 = (m78 - m90 - m97 - m98 + m100 + m101 + m115 + m116 - m135 - m136 - m157 + m158 - m172 - m173 + m174 + m176 + m177 + m179 - m182 - m198 + m212 - m224 - m231 - m232 + m234 + m235 + m249 + m250 - m269 - m270 + m367 - m368 + m382 + m383 - m384 - m386 - m387 - m389 + m392 + m408)
c58 = (m87 - m89 - m95 + m96 + m97 + m102 - m104 - m109 + m127 + m130 + m163 - m168 - m169 - m170 + m171 - m172 - m173 + m174 + m175 + m176 - m178 + m179 + m180 - m182 - m198 + m221 - m223 - m229 + m230 + m231 + m236 - m238 - m243 + m261 + m264 - m373 + m378 + m379 + m380 - m381 + m382 + m383 - m384 - m385 - m386 + m388 - m389 - m390 + m392 + m408)
c59 = ( - m78 - m79 + m85 + m87 - m89 + m90 + m96 + m97 + m98 + m108 - m147 - m154 + m155 - m161 + m163 - m168 - m169 - m170 + m171 - m185 - m208 - m212 - m213 + m219 + m221 - m223 + m224 + m230 + m231 + m232 + m242 - m281 + m364 - m365 + m371 - m373 + m378 + m379 + m380 - m381 + m395 + m418)
c60 = ( - m2 + m14 + m21 + m22 - m24 - m25 - m39 - m40 + m59 + m60 + m78 - m90 - m97 - m98 + m100 + m101 + m115 + m116 - m135 - m136 + m212 - m224 - m231 - m232 + m234 + m235 + m249 + m250 - m269 - m270 + m367 - m368 + m382 + m383 - m384 - m386 - m387 - m389 + m392 + m408)
c61 = ( - m11 + m13 + m19 - m20 - m21 - m26 + m28 + m33 - m51 - m54 + m87 - m89 - m95 + m96 + m97 + m102 - m104 - m109 + m127 + m130 + m221 - m223 - m229 + m230 + m231 + m236 - m238 - m243 + m261 + m264 - m373 + m378 + m379 + m380 - m381 + m382 + m383 - m384 - m385 - m386 + m388 - m389 - m390 + m392 + m408)
c62 = (m2 + m3 - m9 - m11 + m13 - m14 - m20 - m21 - m22 - m32 + m71 - m78 - m79 + m85 + m87 - m89 + m90 + m96 + m97 + m98 + m108 - m147 - m212 - m213 + m219 + m221 - m223 + m224 + m230 + m231 + m232 + m242 - m281 + m364 - m365 + m371 - m373 + m378 + m379 + m380 - m381 + m395 + m418)
c63 = ( - m3 + m9 - m16 + m21 + m32 + m41 - m42 - m65 + m66 + m75 + m79 - m85 + m92 - m97 - m108 - m117 + m118 + m141 - m142 - m151 + m213 - m219 + m226 - m231 - m242 - m251 + m252 + m275 - m276 - m285)
c64 = (m86 + m90 - m100 - m107 - m109 + m112 - m113 + m114 - m133 + m152 + m154 + m156 - m159 - m162 + m179 + m181 + m182 - m197 + m198 + m220 + m224 - m234 - m241 - m243 + m246 - m247 + m248 - m267 + m286 - m364 - m366 + m369 + m372 - m389 - m391 - m392 + m407 - m408)
c65 = ( - m83 + m84 - m85 + m86 + m90 - m91 - m104 + m105 - m107 - m109 + m121 + m153 + m155 - m160 + m164 + m167 - m176 - m180 + m183 - m191 + m198 - m217 + m218 - m219 + m220 + m224 - m225 - m238 + m239 - m241 - m243 + m255 - m363 - m365 + m370 - m374 - m377 + m386 + m390 - m393 + m401 - m408)
c66 = (m84 - m91 + m95 + m98 - m102 + m105 - m107 + m108 + m124 - m125 + m153 + m154 - m159 - m160 + m161 - m162 + m164 + m165 - m166 + m179 + m182 + m183 - m191 + m218 - m225 + m229 + m232 - m236 + m239 - m241 + m242 + m258 - m259 - m363 - m364 + m369 + m370 - m371 + m372 - m374 - m375 + m376 - m389 - m392 - m393 + m401)
c67 = ( - m10 - m14 + m24 + m31 + m33 - m36 + m37 - m38 + m57 - m76 + m86 + m90 - m100 - m107 - m109 + m112 - m113 + m114 - m133 + m152 + m220 + m224 - m234 - m241 - m243 + m246 - m247 + m248 - m267 + m286 - m364 - m366 + m369 + m372 - m389 - m391 - m392 + m407 - m408)
c68 = (m7 - m8 + m9 - m10 - m14 + m15 + m28 - m29 + m31 + m33 - m45 - m83 + m84 - m85 + m86 + m90 - m91 - m104 + m105 - m107 - m109 + m121 - m217 + m218 - m219 + m220 + m224 - m225 - m238 + m239 - m241 - m243 + m255 - m363 - m365 + m370 - m374 - m377 + m386 + m390 - m393 + m401 - m408)
c69 = ( - m8 + m15 - m19 - m22 + m26 - m29 + m31 - m32 - m48 + m49 + m84 - m91 + m95 + m98 - m102 + m105 - m107 + m108 + m124 - m125 + m218 - m225 + m229 + m232 - m236 + m239 - m241 + m242 + m258 - m259 - m363 - m364 + m369 + m370 - m371 + m372 - m374 - m375 + m376 - m389 - m392 - m393 + m401)
c70 = ( - m7 - m9 + m16 + m17 - m28 - m31 + m34 - m35 - m55 + m58 + m83 + m85 - m92 - m93 + m104 + m107 - m110 + m111 + m131 - m134 + m217 + m219 - m226 - m227 + m238 + m241 - m244 + m245 + m265 - m268)

res_mul_num: [38, 40, 38, 22, 20, 20, 20, 48, 46, 40, 18, 18, 18, 18, 36, 40, 36, 20, 20, 20, 22, 40, 50, 42, 20, 20, 22, 20, 38, 42, 46, 20, 22, 20, 20, 38, 40, 38, 41, 40, 39, 30, 48, 46, 40, 42, 41, 38, 27, 36, 40, 36, 38, 40, 38, 33, 40, 50, 42, 40, 45, 43, 30, 38, 42, 46, 39, 43, 43, 30]

res_add_num: [346, 415, 359, 127, 159, 156, 135, 477, 477, 338, 107, 107, 107, 107, 351, 414, 338, 150, 162, 165, 127, 417, 469, 355, 165, 135, 127, 186, 357, 351, 419, 156, 127, 135, 162, 346, 415, 359, 319, 375, 365, 251, 477, 477, 338, 330, 339, 299, 218, 351, 414, 338, 333, 362, 347, 252, 417, 469, 355, 421, 374, 335, 346, 357, 351, 419, 373, 330, 347, 300]

Sorted indices: [7, 42, 8, 43, 22, 57, 30, 65, 59, 21, 56, 1, 36, 15, 50, 60, 39, 66, 40, 53, 2, 23, 37, 58, 28, 63, 29, 64, 68, 14, 49, 54, 0, 35, 46, 9, 44, 61, 62, 16, 51, 67, 45, 52, 38, 47, 69, 55, 41, 48, 27, 19, 24, 18, 34, 4, 5, 31, 17, 6, 25, 33, 3, 20, 26, 32, 10, 11, 12, 13]
level0:
add0: b62 + b65
add1: b47 + b97
add2: b55 + b60
add3: b42 + b44
add4: b43 + b48
add5: b22 + b25
add6: b34 + b39
add7: b31 + b32
add8: b61 + b66
add9: b2 + b3
add10: b67 + b70
add11: b42 + b92
add12: b46 + b47
add13: b2 + b52
add14: b37 + b38
add15: b22 + b72
add16: b57 + b59
add17: b32 + b82
add18: b21 + b22
add19: b1 + b6
add20: b21 + b25
add21: b3 + b8
add22: b4 + b5
add23: b33 + b38
add24: b2 + b4
add25: b31 + b36
add26: b12 + b13
add27: b21 + b26
add28: b13 + b15
add29: b23 + b28
add30: b22 + b25
add31: b13 + b18
add32: b26 + b27
add33: b51 + b56
add34: b26 + b30
add35: b53 + b58
add36: b9 + b10
add37: b83 + b88
add38: b7 + b9
add39: b81 + b86
add40: b17 + b18
add41: b71 + b76
add42: b18 + b20
add43: b73 + b78
add44: b27 + b30
add45: b63 + b68

level1:
mul0: add0 * add1
mul1: add2 * add3
mul2: add4 * add5
mul3: add6 * add7
mul4: add8 * add9
mul5: add10 * add11
mul6: add12 * add13
mul7: add14 * add15
mul8: add16 * add17
mul9: add18 * add19
mul10: add20 * add21
mul11: add22 * add23
mul12: add24 * add25
mul13: add26 * add27
mul14: add28 * add29
mul15: add30 * add31
mul16: add32 * add33
mul17: add34 * add35
mul18: add36 * add37
mul19: add38 * add39
mul20: add40 * add41
mul21: add42 * add43
mul22: add44 * add45

bias：
key: (21, 51), bias: 27
key: (21, 23), bias: 16
key: (21, 53), bias: 15
key: (23, 51), bias: 15
key: (23, 53), bias: 50
key: (51, 53), bias: 22
key: (13, 23), bias: 10
key: (13, 43), bias: 36
key: (13, 53), bias: 10
key: (23, 43), bias: 10
key: (43, 53), bias: 15
key: (13, 21), bias: 6
key: (13, 51), bias: 5
key: (21, 43), bias: 5
key: (43, 51), bias: 7
arr0:
[[0.26761139 0.90116079 0.93686215 0.61950856 0.68139591 0.02044316
  0.42995291 0.39335835 0.29455574 0.43719434]
 [0.12290733 0.41896169 0.24364873 0.96436156 0.29051357 0.5697259
  0.09815132 0.85869585 0.08549488 0.01556137]
 [0.94563265 0.91779757 0.89134999 0.24664859 0.61827622 0.52720259
  0.54177593 0.63580347 0.26469364 0.95381761]
 [0.19774367 0.89053364 0.85775692 0.67052291 0.74832004 0.39148733
  0.57575927 0.7134705  0.54706995 0.8771076 ]
 [0.55128234 0.63997668 0.81599582 0.23093627 0.77124412 0.15787502
  0.68184305 0.88071624 0.18952559 0.09695739]
 [0.66267172 0.86060337 0.88471285 0.9472902  0.4828775  0.99990341
  0.47305478 0.35283935 0.15972972 0.53245459]
 [0.62715953 0.08541333 0.65254355 0.30579138 0.81960464 0.4582807
  0.00238676 0.7495828  0.79256653 0.24003249]]
arr1:
[[0.14173532 0.51845293 0.48861995 0.98962337 0.03569921 0.80336712
  0.49160338 0.96387852 0.82269726 0.21600165]
 [0.70636676 0.42230141 0.71360758 0.24241324 0.99646469 0.41794929
  0.75661429 0.49485788 0.17009572 0.34314159]
 [0.15153379 0.27030615 0.18882363 0.00747175 0.92368893 0.68403209
  0.00447296 0.20072912 0.5807567  0.51084949]
 [0.56243668 0.52132039 0.68165862 0.54110816 0.84974827 0.20593227
  0.15677701 0.48956942 0.67235749 0.24766171]
 [0.45034867 0.26000753 0.74608718 0.03908829 0.58042853 0.49765264
  0.23920643 0.07239091 0.31749986 0.98621601]
 [0.59614141 0.79203093 0.63242607 0.26654947 0.39272273 0.36978674
  0.73340629 0.3795182  0.1704834  0.01023181]
 [0.75592695 0.74527668 0.80089017 0.86455838 0.78873883 0.74143365
  0.65297658 0.32343703 0.90665551 0.1606073 ]
 [0.41638937 0.55294115 0.59430112 0.84385258 0.26636806 0.65036313
  0.26788361 0.96241847 0.82725779 0.52980832]
 [0.12765702 0.40221932 0.59923681 0.60482861 0.82147713 0.72194383
  0.47599117 0.73215351 0.31664164 0.79217651]
 [0.44865125 0.42815688 0.12699689 0.67139865 0.5756945  0.36388823
  0.96901713 0.07089077 0.62009295 0.28740887]]
res:
[[2.20648648 2.13246877 2.70448936 2.03293591 3.64041389 2.65305825
  2.04267062 2.01661586 2.63349294 2.30771884]
 [1.81278654 1.92503568 2.28159943 1.78168191 2.24409069 1.69297501
  1.36692198 2.00594449 1.98771529 1.36886063]
 [2.78485855 3.09587413 3.33965276 3.26853036 3.91036492 3.65979823
  3.31084587 2.95871907 3.59620436 2.55845884]
 [2.9302294  2.98383647 3.48139498 2.93401839 4.44313407 3.3780696
  3.02350058 2.67007797 3.39682462 2.85048866]
 [2.17501574 2.33549847 2.90819443 2.41640261 3.10091126 3.00871147
  1.96067913 2.45445377 2.93025794 2.32907819]
 [2.94601775 3.19736592 3.49523838 2.82983873 4.08118338 3.19164541
  2.97363105 2.76767617 3.26759946 2.15394154]
 [1.58519251 2.11091165 2.55318824 2.2410156  2.61660068 2.77501951
  1.7681689  2.4802022  2.47547885 2.48121556]]
res_ref:
[[2.20648648 2.13246877 2.70448936 2.03293591 3.64041389 2.65305825
  2.04267062 2.01661586 2.63349294 2.30771884]
 [1.81278654 1.92503568 2.28159943 1.78168191 2.24409069 1.69297501
  1.36692198 2.00594449 1.98771529 1.36886063]
 [2.78485855 3.09587413 3.33965276 3.26853036 3.91036492 3.65979823
  3.31084587 2.95871907 3.59620436 2.55845884]
 [2.9302294  2.98383647 3.48139498 2.93401839 4.44313407 3.3780696
  3.02350058 2.67007797 3.39682462 2.85048866]
 [2.17501574 2.33549847 2.90819443 2.41640261 3.10091126 3.00871147
  1.96067913 2.45445377 2.93025794 2.32907819]
 [2.94601775 3.19736592 3.49523838 2.82983873 4.08118338 3.19164541
  2.97363105 2.76767617 3.26759946 2.15394154]
 [1.58519251 2.11091165 2.55318824 2.2410156  2.61660068 2.77501951
  1.7681689  2.4802022  2.47547885 2.48121556]]

Result: True

