c1 = (m1 + m2 + m3 + m4 + m13 + m25 + m59 + m60 + m61 + m62 + m71 + m83 + m144 + m147 - m148 + m150 + m152 - m155 + m163 + m164 + m165 + m166 + m175 + m187 - m192 - m193 - m194 - m195 - m204 - m216 - m225 - m228 + m229 - m231 - m233 + m236 + m248 + m251 - m252 + m254 + m256 - m259 + m267 + m268 + m269 + m270 + m279 + m291 + m381 + m384 - m385 + m387 + m389 - m392)
c2 = (m9 + m11 + m12 + m13 + m16 + m67 + m69 + m70 + m71 + m74 + m155 + m157 + m162 + m171 + m173 + m174 + m175 + m178 - m200 - m202 - m203 - m204 - m207 - m236 - m238 - m243 + m259 + m261 + m266 + m275 + m277 + m278 + m279 + m282 + m392 + m394 + m399)
c3 = (m11 + m12 + m16 + m24 + m25 + m69 + m70 + m74 + m82 + m83 - m142 + m145 - m146 + m150 + m155 + m173 + m174 + m178 + m186 + m187 - m202 - m203 - m207 - m215 - m216 + m223 - m226 + m227 - m231 - m236 - m246 + m249 - m250 + m254 + m259 + m277 + m278 + m282 + m290 + m291 - m379 + m382 - m383 + m387 + m392)
c4 = ( - m1 - m2 - m3 - m4 - m13 - m25 + m30 + m31 + m32 + m33 + m42 + m54 + m192 + m193 + m194 + m195 + m204 + m216 + m348 + m349 + m350 + m351 + m360 + m372)
c5 = ( - m9 - m11 - m12 - m13 - m16 + m38 + m40 + m41 + m42 + m45 + m200 + m202 + m203 + m204 + m207 + m356 + m358 + m359 + m360 + m363)
c6 = ( - m11 - m12 - m16 - m24 - m25 + m40 + m41 + m45 + m53 + m54 + m202 + m203 + m207 + m215 + m216 + m358 + m359 + m363 + m371 + m372)
c7 = ( - m9 - m11 - m12 - m14 - m15 - m16 - m17 - m22 - m25 + m38 + m40 + m41 + m43 + m44 + m45 + m46 + m51 + m54 + m200 + m202 + m203 + m205 + m206 + m207 + m208 + m213 + m216 + m356 + m358 + m359 + m361 + m362 + m363 + m364 + m369 + m372)
c8 = (m6 + m8 + m10 + m22 + m29 + m64 + m66 + m68 + m80 + m87 + m141 + m143 + m144 - m148 + m149 + m151 - m155 + m161 + m168 + m170 + m172 + m184 + m191 - m197 - m199 - m201 - m213 - m220 - m222 - m224 - m225 + m229 - m230 - m232 + m236 - m242 + m245 + m247 + m248 - m252 + m253 + m255 - m259 + m265 + m272 + m274 + m276 + m288 + m295 + m378 + m380 + m381 - m385 + m386 + m388 - m392 + m398)
c9 = (m13 - m14 + m19 + m20 + m27 + m29 + m71 - m72 + m77 + m78 + m85 + m87 + m140 - m142 + m149 + m155 + m156 - m158 + m175 - m176 + m181 + m182 + m189 + m191 - m204 + m205 - m210 - m211 - m218 - m220 - m221 + m223 - m230 - m236 - m237 + m239 + m244 - m246 + m253 + m259 + m260 - m262 + m279 - m280 + m285 + m286 + m293 + m295 + m377 - m379 + m386 + m392 + m393 - m395)
c10 = (m16 + m17 + m18 + m20 + m21 + m25 + m26 + m74 + m75 + m76 + m78 + m79 + m83 + m84 + m140 - m142 + m145 + m149 + m155 + m178 + m179 + m180 + m182 + m183 + m187 + m188 - m207 - m208 - m209 - m211 - m212 - m216 - m217 - m221 + m223 - m226 - m230 - m236 + m244 - m246 + m249 + m253 + m259 + m282 + m283 + m284 + m286 + m287 + m291 + m292 + m377 - m379 + m382 + m386 + m392)
c11 = ( - m6 - m8 - m10 - m22 - m29 + m35 + m37 + m39 + m51 + m58 + m197 + m199 + m201 + m213 + m220 + m353 + m355 + m357 + m369 + m376)
c12 = ( - m13 + m14 - m19 - m20 - m27 - m29 + m42 - m43 + m48 + m49 + m56 + m58 + m204 - m205 + m210 + m211 + m218 + m220 + m360 - m361 + m366 + m367 + m374 + m376)
c13 = ( - m16 - m17 - m18 - m20 - m21 - m25 - m26 + m45 + m46 + m47 + m49 + m50 + m54 + m55 + m207 + m208 + m209 + m211 + m212 + m216 + m217 + m363 + m364 + m365 + m367 + m368 + m372 + m373)
c14 = ( - m17 - m19 - m20 - m22 - m25 - m26 - m29 + m46 + m48 + m49 + m51 + m54 + m55 + m58 + m208 + m210 + m211 + m213 + m216 + m217 + m220 + m364 + m366 + m367 + m369 + m372 + m373 + m376)
c15 = ( - m1 - m4 + m5 - m6 - m25 - m59 - m62 + m63 - m64 - m83 - m143 + m144 - m148 + m153 - m155 - m163 - m166 + m167 - m168 - m187 + m192 + m195 - m196 + m197 + m216 + m224 - m225 + m229 - m234 + m236 - m247 + m248 - m252 + m257 - m259 - m267 - m270 + m271 - m272 - m291 - m380 + m381 - m385 + m390 - m392)
c16 = (m3 - m6 + m7 - m9 - m11 - m16 + m61 - m64 + m65 - m67 - m69 - m74 + m143 - m144 + m154 + m155 - m160 + m165 - m168 + m169 - m171 - m173 - m178 - m194 + m197 - m198 + m200 + m202 + m207 - m224 + m225 - m235 - m236 + m241 + m247 - m248 + m258 + m259 - m264 + m269 - m272 + m273 - m275 - m277 - m282 + m380 - m381 + m391 + m392 - m397)
c17 = ( - m4 + m5 - m16 - m25 + m28 - m62 + m63 - m74 - m83 + m86 - m140 + m141 - m142 + m145 - m146 - m147 + m153 + m155 + m159 - m166 + m167 - m178 - m187 + m190 + m195 - m196 + m207 + m216 - m219 + m221 - m222 + m223 - m226 + m227 + m228 - m234 - m236 - m240 - m244 + m245 - m246 + m249 - m250 - m251 + m257 + m259 + m263 - m270 + m271 - m282 - m291 + m294 - m377 + m378 - m379 + m382 - m383 - m384 + m390 + m392 + m396)
c18 = (m1 + m4 - m5 + m6 + m25 - m30 - m33 + m34 - m35 - m54 - m192 - m195 + m196 - m197 - m216 - m348 - m351 + m352 - m353 - m372)
c19 = ( - m3 + m6 - m7 + m9 + m11 + m16 + m32 - m35 + m36 - m38 - m40 - m45 + m194 - m197 + m198 - m200 - m202 - m207 + m350 - m353 + m354 - m356 - m358 - m363)
c20 = (m4 - m5 + m16 + m25 - m28 - m33 + m34 - m45 - m54 + m57 - m195 + m196 - m207 - m216 + m219 - m351 + m352 - m363 - m372 + m375)
c21 = (m1 - m8 - m18 + m19 - m23 - m28 - m30 + m37 + m47 - m48 + m52 + m57 - m192 + m199 + m209 - m210 + m214 + m219 - m348 + m355 + m365 - m366 + m370 + m375)
c22 = (m121 + m124 - m125 + m127 + m129 - m132 + m144 + m147 - m148 + m150 + m152 - m155 - m163 - m164 - m165 - m166 - m175 - m187 + m192 + m193 + m194 + m195 + m204 + m216 + m225 + m228 - m229 + m231 + m233 - m236)
c23 = (m132 + m134 + m139 + m155 + m157 + m162 - m171 - m173 - m174 - m175 - m178 + m200 + m202 + m203 + m204 + m207 + m236 + m238 + m243)
c24 = ( - m119 + m122 - m123 + m127 + m132 - m142 + m145 - m146 + m150 + m155 - m173 - m174 - m178 - m186 - m187 + m202 + m203 + m207 + m215 + m216 - m223 + m226 - m227 + m231 + m236)
c25 = (m30 + m31 + m32 + m33 + m42 + m54 + m59 + m60 + m61 + m62 + m71 + m83 - m88 - m89 - m90 - m91 - m100 - m112 - m121 - m124 + m125 - m127 - m129 + m132 + m163 + m164 + m165 + m166 + m175 + m187 - m192 - m193 - m194 - m195 - m204 - m216)
c26 = (m38 + m40 + m41 + m42 + m45 + m67 + m69 + m70 + m71 + m74 - m96 - m98 - m99 - m100 - m103 - m132 - m134 - m139 + m171 + m173 + m174 + m175 + m178 - m200 - m202 - m203 - m204 - m207)
c27 = (m40 + m41 + m45 + m53 + m54 + m69 + m70 + m74 + m82 + m83 - m98 - m99 - m103 - m111 - m112 + m119 - m122 + m123 - m127 - m132 + m173 + m174 + m178 + m186 + m187 - m202 - m203 - m207 - m215 - m216)
c28 = (m38 + m40 + m41 + m43 + m44 + m45 + m46 + m51 + m54 + m67 + m69 + m70 + m72 + m73 + m74 + m75 + m80 + m83 - m96 - m98 - m99 - m101 - m102 - m103 - m104 - m109 - m112 + m171 + m173 + m174 + m176 + m177 + m178 + m179 + m184 + m187 - m200 - m202 - m203 - m205 - m206 - m207 - m208 - m213 - m216)
c29 = (m118 + m120 + m121 - m125 + m126 + m128 - m132 + m138 + m141 + m143 + m144 - m148 + m149 + m151 - m155 + m161 - m168 - m170 - m172 - m184 - m191 + m197 + m199 + m201 + m213 + m220 + m222 + m224 + m225 - m229 + m230 + m232 - m236 + m242)
c30 = (m117 - m119 + m126 + m132 + m133 - m135 + m140 - m142 + m149 + m155 + m156 - m158 - m175 + m176 - m181 - m182 - m189 - m191 + m204 - m205 + m210 + m211 + m218 + m220 + m221 - m223 + m230 + m236 + m237 - m239)
c31 = (m117 - m119 + m122 + m126 + m132 + m140 - m142 + m145 + m149 + m155 - m178 - m179 - m180 - m182 - m183 - m187 - m188 + m207 + m208 + m209 + m211 + m212 + m216 + m217 + m221 - m223 + m226 + m230 + m236)
c32 = (m35 + m37 + m39 + m51 + m58 + m64 + m66 + m68 + m80 + m87 - m93 - m95 - m97 - m109 - m116 - m118 - m120 - m121 + m125 - m126 - m128 + m132 - m138 + m168 + m170 + m172 + m184 + m191 - m197 - m199 - m201 - m213 - m220)
c33 = (m42 - m43 + m48 + m49 + m56 + m58 + m71 - m72 + m77 + m78 + m85 + m87 - m100 + m101 - m106 - m107 - m114 - m116 - m117 + m119 - m126 - m132 - m133 + m135 + m175 - m176 + m181 + m182 + m189 + m191 - m204 + m205 - m210 - m211 - m218 - m220)
c34 = (m45 + m46 + m47 + m49 + m50 + m54 + m55 + m74 + m75 + m76 + m78 + m79 + m83 + m84 - m103 - m104 - m105 - m107 - m108 - m112 - m113 - m117 + m119 - m122 - m126 - m132 + m178 + m179 + m180 + m182 + m183 + m187 + m188 - m207 - m208 - m209 - m211 - m212 - m216 - m217)
c35 = (m46 + m48 + m49 + m51 + m54 + m55 + m58 + m75 + m77 + m78 + m80 + m83 + m84 + m87 - m104 - m106 - m107 - m109 - m112 - m113 - m116 + m179 + m181 + m182 + m184 + m187 + m188 + m191 - m208 - m210 - m211 - m213 - m216 - m217 - m220)
c36 = ( - m120 + m121 - m125 + m130 - m132 - m143 + m144 - m148 + m153 - m155 + m163 + m166 - m167 + m168 + m187 - m192 - m195 + m196 - m197 - m216 - m224 + m225 - m229 + m234 - m236)
c37 = (m120 - m121 + m131 + m132 - m137 + m143 - m144 + m154 + m155 - m160 - m165 + m168 - m169 + m171 + m173 + m178 + m194 - m197 + m198 - m200 - m202 - m207 + m224 - m225 + m235 + m236 - m241)
c38 = ( - m117 + m118 - m119 + m122 - m123 - m124 + m130 + m132 + m136 - m140 + m141 - m142 + m145 - m146 - m147 + m153 + m155 + m159 + m166 - m167 + m178 + m187 - m190 - m195 + m196 - m207 - m216 + m219 - m221 + m222 - m223 + m226 - m227 - m228 + m234 + m236 + m240)
c39 = ( - m30 - m33 + m34 - m35 - m54 - m59 - m62 + m63 - m64 - m83 + m88 + m91 - m92 + m93 + m112 + m120 - m121 + m125 - m130 + m132 - m163 - m166 + m167 - m168 - m187 + m192 + m195 - m196 + m197 + m216)
c40 = (m32 - m35 + m36 - m38 - m40 - m45 + m61 - m64 + m65 - m67 - m69 - m74 - m90 + m93 - m94 + m96 + m98 + m103 - m120 + m121 - m131 - m132 + m137 + m165 - m168 + m169 - m171 - m173 - m178 - m194 + m197 - m198 + m200 + m202 + m207)
c41 = ( - m33 + m34 - m45 - m54 + m57 - m62 + m63 - m74 - m83 + m86 + m91 - m92 + m103 + m112 - m115 + m117 - m118 + m119 - m122 + m123 + m124 - m130 - m132 - m136 - m166 + m167 - m178 - m187 + m190 + m195 - m196 + m207 + m216 - m219)
c42 = ( - m30 + m37 + m47 - m48 + m52 + m57 - m59 + m66 + m76 - m77 + m81 + m86 + m88 - m95 - m105 + m106 - m110 - m115 - m163 + m170 + m180 - m181 + m185 + m190 + m192 - m199 - m209 + m210 - m214 - m219)
c43 = (m163 + m164 + m165 + m166 + m175 + m187 - m192 - m193 - m194 - m195 - m204 - m216 - m225 - m228 + m229 - m231 - m233 + m236 - m329 - m332 + m333 - m335 - m337 + m340 + m381 + m384 - m385 + m387 + m389 - m392)
c44 = (m171 + m173 + m174 + m175 + m178 - m200 - m202 - m203 - m204 - m207 - m236 - m238 - m243 - m340 - m342 - m347 + m392 + m394 + m399)
c45 = (m173 + m174 + m178 + m186 + m187 - m202 - m203 - m207 - m215 - m216 + m223 - m226 + m227 - m231 - m236 + m327 - m330 + m331 - m335 - m340 - m379 + m382 - m383 + m387 + m392)
c46 = (m192 + m193 + m194 + m195 + m204 + m216 + m267 + m268 + m269 + m270 + m279 + m291 - m296 - m297 - m298 - m299 - m308 - m320 + m329 + m332 - m333 + m335 + m337 - m340 + m348 + m349 + m350 + m351 + m360 + m372)
c47 = (m200 + m202 + m203 + m204 + m207 + m275 + m277 + m278 + m279 + m282 - m304 - m306 - m307 - m308 - m311 + m340 + m342 + m347 + m356 + m358 + m359 + m360 + m363)
c48 = (m202 + m203 + m207 + m215 + m216 + m277 + m278 + m282 + m290 + m291 - m306 - m307 - m311 - m319 - m320 - m327 + m330 - m331 + m335 + m340 + m358 + m359 + m363 + m371 + m372)
c49 = (m200 + m202 + m203 + m205 + m206 + m207 + m208 + m213 + m216 + m275 + m277 + m278 + m280 + m281 + m282 + m283 + m288 + m291 - m304 - m306 - m307 - m309 - m310 - m311 - m312 - m317 - m320 + m356 + m358 + m359 + m361 + m362 + m363 + m364 + m369 + m372)
c50 = (m168 + m170 + m172 + m184 + m191 - m197 - m199 - m201 - m213 - m220 - m222 - m224 - m225 + m229 - m230 - m232 + m236 - m242 - m326 - m328 - m329 + m333 - m334 - m336 + m340 - m346 + m378 + m380 + m381 - m385 + m386 + m388 - m392 + m398)
c51 = (m175 - m176 + m181 + m182 + m189 + m191 - m204 + m205 - m210 - m211 - m218 - m220 - m221 + m223 - m230 - m236 - m237 + m239 - m325 + m327 - m334 - m340 - m341 + m343 + m377 - m379 + m386 + m392 + m393 - m395)
c52 = (m178 + m179 + m180 + m182 + m183 + m187 + m188 - m207 - m208 - m209 - m211 - m212 - m216 - m217 - m221 + m223 - m226 - m230 - m236 - m325 + m327 - m330 - m334 - m340 + m377 - m379 + m382 + m386 + m392)
c53 = (m197 + m199 + m201 + m213 + m220 + m272 + m274 + m276 + m288 + m295 - m301 - m303 - m305 - m317 - m324 + m326 + m328 + m329 - m333 + m334 + m336 - m340 + m346 + m353 + m355 + m357 + m369 + m376)
c54 = (m204 - m205 + m210 + m211 + m218 + m220 + m279 - m280 + m285 + m286 + m293 + m295 - m308 + m309 - m314 - m315 - m322 - m324 + m325 - m327 + m334 + m340 + m341 - m343 + m360 - m361 + m366 + m367 + m374 + m376)
c55 = (m207 + m208 + m209 + m211 + m212 + m216 + m217 + m282 + m283 + m284 + m286 + m287 + m291 + m292 - m311 - m312 - m313 - m315 - m316 - m320 - m321 + m325 - m327 + m330 + m334 + m340 + m363 + m364 + m365 + m367 + m368 + m372 + m373)
c56 = (m208 + m210 + m211 + m213 + m216 + m217 + m220 + m283 + m285 + m286 + m288 + m291 + m292 + m295 - m312 - m314 - m315 - m317 - m320 - m321 - m324 + m364 + m366 + m367 + m369 + m372 + m373 + m376)
c57 = ( - m163 - m166 + m167 - m168 - m187 + m192 + m195 - m196 + m197 + m216 + m224 - m225 + m229 - m234 + m236 + m328 - m329 + m333 - m338 + m340 - m380 + m381 - m385 + m390 - m392)
c58 = (m165 - m168 + m169 - m171 - m173 - m178 - m194 + m197 - m198 + m200 + m202 + m207 - m224 + m225 - m235 - m236 + m241 - m328 + m329 - m339 - m340 + m345 + m380 - m381 + m391 + m392 - m397)
c59 = ( - m166 + m167 - m178 - m187 + m190 + m195 - m196 + m207 + m216 - m219 + m221 - m222 + m223 - m226 + m227 + m228 - m234 - m236 - m240 + m325 - m326 + m327 - m330 + m331 + m332 - m338 - m340 - m344 - m377 + m378 - m379 + m382 - m383 - m384 + m390 + m392 + m396)
c60 = ( - m192 - m195 + m196 - m197 - m216 - m267 - m270 + m271 - m272 - m291 + m296 + m299 - m300 + m301 + m320 - m328 + m329 - m333 + m338 - m340 - m348 - m351 + m352 - m353 - m372)
c61 = (m194 - m197 + m198 - m200 - m202 - m207 + m269 - m272 + m273 - m275 - m277 - m282 - m298 + m301 - m302 + m304 + m306 + m311 + m328 - m329 + m339 + m340 - m345 + m350 - m353 + m354 - m356 - m358 - m363)
c62 = ( - m195 + m196 - m207 - m216 + m219 - m270 + m271 - m282 - m291 + m294 + m299 - m300 + m311 + m320 - m323 - m325 + m326 - m327 + m330 - m331 - m332 + m338 + m340 + m344 - m351 + m352 - m363 - m372 + m375)
c63 = ( - m192 + m199 + m209 - m210 + m214 + m219 - m267 + m274 + m284 - m285 + m289 + m294 + m296 - m303 - m313 + m314 - m318 - m323 - m348 + m355 + m365 - m366 + m370 + m375)

res_mul_num: [54, 41, 45, 24, 20, 20, 36, 57, 54, 55, 20, 24, 28, 28, 45, 50, 61, 20, 24, 20, 36, 30, 22, 25, 36, 29, 30, 45, 34, 30, 29, 33, 36, 40, 35, 25, 27, 37, 30, 35, 34, 45, 30, 22, 25, 30, 24, 25, 36, 34, 30, 29, 28, 30, 33, 28, 25, 27, 37, 25, 29, 29, 36]

res_add_num: [483, 359, 374, 143, 123, 123, 263, 523, 423, 520, 133, 131, 219, 147, 355, 414, 610, 123, 143, 123, 291, 241, 165, 174, 287, 234, 237, 430, 270, 205, 227, 278, 255, 387, 240, 162, 190, 308, 233, 278, 295, 484, 241, 165, 174, 231, 180, 182, 327, 270, 205, 227, 213, 192, 294, 179, 162, 190, 308, 179, 217, 212, 379]

Sorted indices: [16, 7, 9, 0, 41, 8, 27, 15, 33, 2, 62, 1, 14, 48, 37, 58, 40, 20, 54, 24, 39, 31, 28, 49, 6, 32, 34, 21, 42, 26, 25, 38, 45, 30, 51, 12, 60, 52, 61, 29, 50, 53, 36, 57, 47, 55, 46, 59, 23, 44, 22, 35, 43, 56, 13, 3, 18, 11, 10, 4, 5, 17, 19]
level0:
add0: b60 + b63
add1: b47 + b53
add2: b31 + b34
add3: b29 + b35
add4: b5 + b8
add5: b67 + b69
add6: b4 + b7
add7: b6 + b9
add8: b77 + b78
add9: b57 + b60
add10: b23 + b53
add11: b30 + b33
add12: b45 + b54
add13: b38 + b41
add14: b43 + b52
add15: b48 + b51
add16: b36 + b54
add17: b57 + b60
add18: b47 + b50
add19: b34 + b43
add20: b28 + b31
add21: b57 + b63
add22: b20 + b26
add23: b2 + b8
add24: b70 + b72
add25: b1 + b7
add26: b3 + b9
add27: b80 + b81
add28: b20 + b53
add29: b28 + b37
add30: b2 + b35
add31: b47 + b56
add32: b11 + b44
add33: b2 + b35

level1:
mul0: add0 * add1
mul1: add2 * add3
mul2: add4 * add5
mul3: b60 * add6
mul4: add7 * add8
mul5: add9 * add10
mul6: add11 * add12
mul7: add13 * add14
mul8: add15 * add16
mul9: b53 * add17
mul10: add18 * add19
mul11: b35 * add20
mul12: add21 * add22
mul13: add23 * add24
mul14: b63 * add25
mul15: add26 * add27
mul16: b57 * add28
mul17: add29 * add30
mul18: add31 * add32
mul19: b28 * add33

bias：
key: (42, 60), bias: 15
key: (52, 60), bias: 10
key: (42, 52), bias: 10
Unexpected coefficient: v(39,117):-2
Unexpected coefficient: v(42,117):-2
Unexpected coefficient: v(66,117):2
Unexpected coefficient: v(39,127):2
Unexpected coefficient: v(42,127):2
Unexpected coefficient: v(66,127):-2
Unexpected coefficient: u(21,133):2
Unexpected coefficient: u(23,133):2
Unexpected coefficient: v(39,135):2
Unexpected coefficient: v(42,135):2
Unexpected coefficient: v(66,135):-2
Unexpected coefficient: u(21,138):2
Unexpected coefficient: u(23,138):2
Unexpected coefficient: v(66,140):-2
Unexpected coefficient: v(66,150):2
Unexpected coefficient: u(21,156):2
Unexpected coefficient: u(23,156):2
Unexpected coefficient: u(24,156):2
Unexpected coefficient: u(26,156):2
Unexpected coefficient: v(66,158):2
Unexpected coefficient: u(21,161):2
Unexpected coefficient: u(23,161):2
Unexpected coefficient: u(24,161):2
Unexpected coefficient: u(26,161):2
Unexpected coefficient: v(12,221):-2
Unexpected coefficient: v(12,231):2
Unexpected coefficient: u(18,237):2
Unexpected coefficient: u(20,237):2
Unexpected coefficient: u(21,237):2
Unexpected coefficient: u(23,237):2
Unexpected coefficient: u(45,237):2
Unexpected coefficient: u(47,237):2
Unexpected coefficient: u(48,237):2
Unexpected coefficient: u(50,237):2
Unexpected coefficient: v(12,239):2
Unexpected coefficient: u(18,242):2
Unexpected coefficient: u(20,242):2
Unexpected coefficient: u(21,242):2
Unexpected coefficient: u(23,242):2
Unexpected coefficient: u(45,242):2
Unexpected coefficient: u(47,242):2
Unexpected coefficient: u(48,242):2
Unexpected coefficient: u(50,242):2
Unexpected coefficient: v(9,244):-2
Unexpected coefficient: v(15,244):2
Unexpected coefficient: v(63,244):-2
Unexpected coefficient: v(66,244):2
Unexpected coefficient: v(69,244):2
Unexpected coefficient: v(9,254):2
Unexpected coefficient: v(15,254):-2
Unexpected coefficient: v(63,254):2
Unexpected coefficient: v(66,254):-2
Unexpected coefficient: v(69,254):-2
Unexpected coefficient: u(24,260):2
Unexpected coefficient: u(26,260):2
Unexpected coefficient: u(51,260):2
Unexpected coefficient: u(53,260):2
Unexpected coefficient: v(9,262):2
Unexpected coefficient: v(15,262):-2
Unexpected coefficient: v(63,262):2
Unexpected coefficient: v(66,262):-2
Unexpected coefficient: v(69,262):-2
Unexpected coefficient: u(24,265):2
Unexpected coefficient: u(26,265):2
Unexpected coefficient: u(51,265):2
Unexpected coefficient: u(53,265):2
Unexpected coefficient: v(69,325):-2
Unexpected coefficient: v(69,335):2
Unexpected coefficient: u(18,341):2
Unexpected coefficient: u(20,341):2
Unexpected coefficient: u(24,341):-2
Unexpected coefficient: u(26,341):-2
Unexpected coefficient: v(69,343):2
Unexpected coefficient: u(18,346):2
Unexpected coefficient: u(20,346):2
Unexpected coefficient: u(24,346):-2
Unexpected coefficient: u(26,346):-2
Unexpected coefficient: v(12,377):-2
Unexpected coefficient: v(15,377):-2
Unexpected coefficient: v(69,377):-2
Unexpected coefficient: v(12,387):2
Unexpected coefficient: v(15,387):2
Unexpected coefficient: v(69,387):2
Unexpected coefficient: u(18,393):2
Unexpected coefficient: u(20,393):2
Unexpected coefficient: v(12,395):2
Unexpected coefficient: v(15,395):2
Unexpected coefficient: v(69,395):2
Unexpected coefficient: u(18,398):2
Unexpected coefficient: u(20,398):2
Unexpected coefficient: w(1,149):-2
Unexpected coefficient: w(1,230):2
Unexpected coefficient: w(1,253):-2
Unexpected coefficient: w(1,386):-2
Unexpected coefficient: w(20,3):2
Unexpected coefficient: w(20,4):-2
Unexpected coefficient: w(20,24):2
Unexpected coefficient: w(20,32):-2
Unexpected coefficient: w(20,33):2
Unexpected coefficient: w(20,53):-2
Unexpected coefficient: w(20,194):-2
Unexpected coefficient: w(20,195):2
Unexpected coefficient: w(20,215):-2
Unexpected coefficient: w(20,350):-2
Unexpected coefficient: w(20,351):2
Unexpected coefficient: w(20,371):-2
Unexpected coefficient: w(22,126):-2
Unexpected coefficient: w(22,149):-2
Unexpected coefficient: w(22,230):-2
Unexpected coefficient: w(25,126):2
Unexpected coefficient: w(41,32):-2
Unexpected coefficient: w(41,33):2
Unexpected coefficient: w(41,53):-2
Unexpected coefficient: w(41,61):-2
Unexpected coefficient: w(41,62):2
Unexpected coefficient: w(41,82):-2
Unexpected coefficient: w(41,90):2
Unexpected coefficient: w(41,91):-2
Unexpected coefficient: w(41,111):2
Unexpected coefficient: w(41,165):-2
Unexpected coefficient: w(41,166):2
Unexpected coefficient: w(41,186):-2
Unexpected coefficient: w(41,194):2
Unexpected coefficient: w(41,195):-2
Unexpected coefficient: w(41,215):2
Unexpected coefficient: w(43,230):2
Unexpected coefficient: w(43,334):2
Unexpected coefficient: w(43,386):-2
Unexpected coefficient: w(46,334):-2
Unexpected coefficient: w(62,194):-2
Unexpected coefficient: w(62,195):2
Unexpected coefficient: w(62,215):-2
Unexpected coefficient: w(62,269):-2
Unexpected coefficient: w(62,270):2
Unexpected coefficient: w(62,290):-2
Unexpected coefficient: w(62,298):2
Unexpected coefficient: w(62,299):-2
Unexpected coefficient: w(62,319):2
Unexpected coefficient: w(62,350):-2
Unexpected coefficient: w(62,351):2
Unexpected coefficient: w(62,371):-2
arr0:
[[0.50975031 0.50209517 0.40971798 0.13834673 0.35005697 0.70226321
  0.660364   0.26013357 0.20255442]
 [0.24782642 0.57958014 0.31669197 0.46515458 0.80647517 0.95634008
  0.49941104 0.84219178 0.30646067]
 [0.11119327 0.52585326 0.72517556 0.6959975  0.98502192 0.75374111
  0.52973031 0.10630718 0.37885583]
 [0.48328616 0.36011142 0.23548675 0.21279695 0.22870419 0.52033492
  0.41066476 0.71170386 0.93968717]
 [0.25436072 0.26802917 0.76989597 0.18904779 0.92432814 0.87339131
  0.94405815 0.81042994 0.91548416]
 [0.58587709 0.2911545  0.04066142 0.56303886 0.25626883 0.42596082
  0.65067109 0.71234338 0.39731358]
 [0.17273507 0.20154487 0.61205706 0.02887131 0.89635637 0.15399031
  0.26428685 0.00453396 0.96453722]]
arr1:
[[0.87873853 0.66118684 0.21678236 0.95401364 0.70169509 0.46934309
  0.73703107 0.09586109 0.31971615]
 [0.90537153 0.9130315  0.65151735 0.85377977 0.9754791  0.2850927
  0.21316862 0.42801173 0.04007021]
 [0.93098023 0.10616828 0.2478904  0.24495051 0.6748911  0.47630308
  0.70358342 0.28895875 0.89745626]
 [0.0082477  0.24359959 0.27968658 0.52859013 0.18260225 0.41633559
  0.20998879 0.05102941 0.31834354]
 [0.66777378 0.9844065  0.5293476  0.20835451 0.86139909 0.42682592
  0.20753196 0.83368481 0.73688303]
 [0.78949449 0.51235788 0.26347525 0.42595784 0.79332744 0.38363788
  0.54065371 0.37501282 0.55437673]
 [0.15689519 0.30829239 0.99729764 0.35570126 0.70354898 0.38662736
  0.00694598 0.99401829 0.20616191]
 [0.89025688 0.04835058 0.41283741 0.39746931 0.78975276 0.36253627
  0.31533869 0.61016665 0.4821638 ]
 [0.70854283 0.42599986 0.66962236 0.90232609 0.49594292 0.23603967
  0.17148259 0.6892637  0.10570789]]
res:
[[2.5520042  1.87952857 1.84982556 1.98160482 2.77840856 1.45140173
  1.37373563 1.89916621 1.52509014]
 [3.38001133 2.44909367 2.36977359 2.41902086 3.65979599 1.90791215
  1.63271596 2.63959066 2.20063395]
 [2.95370154 2.48586701 2.2870203  2.19939908 3.29848684 1.87964656
  1.56452739 2.43721132 2.2732192 ]
 [2.8990688  1.7782323  2.04804601 2.48483336 2.81501142 1.46608337
  1.36053558 2.15532309 1.43216915]
 [4.00954814 2.61831989 3.08200981 2.80862144 4.24141603 2.24569947
  1.90912793 3.53326775 2.69066556]
 [2.34612729 1.66949222 1.94118424 2.22301507 2.60145154 1.48815986
  1.22147778 1.94993054 1.3593045 ]
 [2.35336853 1.8241078  1.75493074 1.72054097 2.29831414 1.21523374
  1.04491484 2.01647463 1.5262972 ]]
res_ref:
[[2.5520042  1.87952857 1.84982556 1.98160482 2.77840856 1.45140173
  1.37373563 1.89916621 1.52509014]
 [3.38001133 2.44909367 2.36977359 2.41902086 3.65979599 1.90791215
  1.63271596 2.63959066 2.20063395]
 [2.95370154 2.48586701 2.2870203  2.19939908 3.29848684 1.87964656
  1.56452739 2.43721132 2.2732192 ]
 [2.8990688  1.7782323  2.04804601 2.48483336 2.81501142 1.46608337
  1.36053558 2.15532309 1.43216915]
 [4.00954814 2.61831989 3.08200981 2.80862144 4.24141603 2.24569947
  1.90912793 3.53326775 2.69066556]
 [2.34612729 1.66949222 1.94118424 2.22301507 2.60145154 1.48815986
  1.22147778 1.94993054 1.3593045 ]
 [2.35336853 1.8241078  1.75493074 1.72054097 2.29831414 1.21523374
  1.04491484 2.01647463 1.5262972 ]]

Result: True

