c1 = ( - m156 - m157 - m158 - m161 + m165 + m167 + m176 + m177 + m179 + m189 - m199 - m232 - m233 - m234 - m237 + m241 + m243 + m252 + m253 + m255 + m265 - m275 - m308 - m309 - m310 - m313 + m317 + m319 + m328 + m329 + m331 + m341 - m351 - m460 - m461 - m462 - m465 + m469 + m471 + m480 + m481 + m483 + m493 - m503)
c2 = ( - m157 + m165 + m177 + m179 + m180 - m181 + m188 + m190 + m202 - m221 - m233 + m241 + m253 + m255 + m256 - m257 + m264 + m266 + m278 - m297 - m309 + m317 + m329 + m331 + m332 - m333 + m340 + m342 + m354 - m373 - m461 + m469 + m481 + m483 + m484 - m485 + m492 + m494 + m506 - m525)
c3 = (m158 - m167 + m172 - m179 + m184 - m189 + m191 + m192 + m204 + m205 + m234 - m243 + m248 - m255 + m260 - m265 + m267 + m268 + m280 + m281 + m310 - m319 + m324 - m331 + m336 - m341 + m343 + m344 + m356 + m357 + m462 - m471 + m476 - m483 + m488 - m493 + m495 + m496 + m508 + m509)
c4 = (m156 + m161 - m169 + m175 - m176 - m179 + m182 + m213 - m216 + m218 + m232 + m237 - m245 + m251 - m252 - m255 + m258 + m289 - m292 + m294 + m308 + m313 - m321 + m327 - m328 - m331 + m334 + m365 - m368 + m370 + m460 + m465 - m473 + m479 - m480 - m483 + m486 + m517 - m520 + m522)
c5 = ( - m384 - m385 - m386 - m389 + m393 + m395 + m404 + m405 + m407 + m417 - m427 + m460 + m461 + m462 + m465 - m469 - m471 - m480 - m481 - m483 - m493 + m503)
c6 = ( - m385 + m393 + m405 + m407 + m408 - m409 + m416 + m418 + m430 - m449 + m461 - m469 - m481 - m483 - m484 + m485 - m492 - m494 - m506 + m525)
c7 = (m386 - m395 + m400 - m407 + m412 - m417 + m419 + m420 + m432 + m433 - m462 + m471 - m476 + m483 - m488 + m493 - m495 - m496 - m508 - m509)
c8 = (m384 + m389 - m397 + m403 - m404 - m407 + m410 + m441 - m444 + m446 - m460 - m465 + m473 - m479 + m480 + m483 - m486 - m517 + m520 - m522)
c9 = (m156 + m157 + m158 + m161 - m165 - m166 - m167 - m196 + m199 + m232 + m233 + m234 + m237 - m241 - m242 - m243 - m272 + m275 + m308 + m309 + m310 + m313 - m317 - m318 - m319 - m348 + m351 + m460 + m461 + m462 + m465 - m469 - m470 - m471 - m500 + m503)
c10 = (m159 - m160 + m161 - m162 - m165 - m166 + m167 + m195 - m197 + m235 - m236 + m237 - m238 - m241 - m242 + m243 + m271 - m273 + m311 - m312 + m313 - m314 - m317 - m318 + m319 + m347 - m349 + m463 - m464 + m465 - m466 - m469 - m470 + m471 + m499 - m501)
c11 = (m153 - m154 - m155 + m161 + m163 - m165 + m166 + m167 - m223 + m229 - m230 - m231 + m237 + m239 - m241 + m242 + m243 - m299 + m305 - m306 - m307 + m313 + m315 - m317 + m318 + m319 - m375 + m457 - m458 - m459 + m465 + m467 - m469 + m470 + m471 - m527)
c12 = ( - m161 - m164 + m165 + m166 - m167 + m198 - m219 + m220 + m224 - m237 - m240 + m241 + m242 - m243 + m274 - m295 + m296 + m300 - m313 - m316 + m317 + m318 - m319 + m350 - m371 + m372 + m376 - m465 - m468 + m469 + m470 - m471 + m502 - m523 + m524 + m528)
c13 = (m384 + m385 + m386 + m389 - m393 - m394 - m395 - m424 + m427 - m460 - m461 - m462 - m465 + m469 + m470 + m471 + m500 - m503)
c14 = (m387 - m388 + m389 - m390 - m393 - m394 + m395 + m423 - m425 - m463 + m464 - m465 + m466 + m469 + m470 - m471 - m499 + m501)
c15 = (m381 - m382 - m383 + m389 + m391 - m393 + m394 + m395 - m451 - m457 + m458 + m459 - m465 - m467 + m469 - m470 - m471 + m527)
c16 = ( - m389 - m392 + m393 + m394 - m395 + m426 - m447 + m448 + m452 + m465 + m468 - m469 - m470 + m471 - m502 + m523 - m524 - m528)
c17 = ( - m166 + m168 - m170 + m175 + m177 + m182 + m189 + m214 - m215 - m224 - m242 + m244 - m246 + m251 + m253 + m258 + m265 + m290 - m291 - m300 - m318 + m320 - m322 + m327 + m329 + m334 + m341 + m366 - m367 - m376 - m470 + m472 - m474 + m479 + m481 + m486 + m493 + m518 - m519 - m528)
c18 = (m164 - m165 - m170 + m181 - m185 - m186 + m187 - m218 - m222 + m225 + m240 - m241 - m246 + m257 - m261 - m262 + m263 - m294 - m298 + m301 + m316 - m317 - m322 + m333 - m337 - m338 + m339 - m370 - m374 + m377 + m468 - m469 - m474 + m485 - m489 - m490 + m491 - m522 - m526 + m529)
c19 = (m167 + m169 - m170 - m172 - m174 + m193 - m194 + m208 + m219 - m226 + m243 + m245 - m246 - m248 - m250 + m269 - m270 + m284 + m295 - m302 + m319 + m321 - m322 - m324 - m326 + m345 - m346 + m360 + m371 - m378 + m471 + m473 - m474 - m476 - m478 + m497 - m498 + m512 + m523 - m530)
c20 = ( - m164 + m165 + m166 - m167 - m168 - m169 + m170 + m218 - m219 + m220 + m224 - m240 + m241 + m242 - m243 - m244 - m245 + m246 + m294 - m295 + m296 + m300 - m316 + m317 + m318 - m319 - m320 - m321 + m322 + m370 - m371 + m372 + m376 - m468 + m469 + m470 - m471 - m472 - m473 + m474 + m522 - m523 + m524 + m528)
c21 = ( - m394 + m396 - m398 + m403 + m405 + m410 + m417 + m442 - m443 - m452 + m470 - m472 + m474 - m479 - m481 - m486 - m493 - m518 + m519 + m528)
c22 = (m392 - m393 - m398 + m409 - m413 - m414 + m415 - m446 - m450 + m453 - m468 + m469 + m474 - m485 + m489 + m490 - m491 + m522 + m526 - m529)
c23 = (m395 + m397 - m398 - m400 - m402 + m421 - m422 + m436 + m447 - m454 - m471 - m473 + m474 + m476 + m478 - m497 + m498 - m512 - m523 + m530)
c24 = ( - m392 + m393 + m394 - m395 - m396 - m397 + m398 + m446 - m447 + m448 + m452 + m468 - m469 - m470 + m471 + m472 + m473 - m474 - m522 + m523 - m524 - m528)
c25 = ( - m154 + m166 + m173 + m174 - m176 - m177 - m191 - m192 + m211 + m212 - m230 + m242 + m249 + m250 - m252 - m253 - m267 - m268 + m287 + m288 - m306 + m318 + m325 + m326 - m328 - m329 - m343 - m344 + m363 + m364 - m458 + m470 + m477 + m478 - m480 - m481 - m495 - m496 + m515 + m516)
c26 = ( - m163 + m165 + m171 - m172 - m173 - m178 + m180 + m185 - m203 - m206 - m239 + m241 + m247 - m248 - m249 - m254 + m256 + m261 - m279 - m282 - m315 + m317 + m323 - m324 - m325 - m330 + m332 + m337 - m355 - m358 - m467 + m469 + m475 - m476 - m477 - m482 + m484 + m489 - m507 - m510)
c27 = (m154 + m155 - m161 - m163 + m165 - m166 - m172 - m173 - m174 - m184 + m223 + m230 + m231 - m237 - m239 + m241 - m242 - m248 - m249 - m250 - m260 + m299 + m306 + m307 - m313 - m315 + m317 - m318 - m324 - m325 - m326 - m336 + m375 + m458 + m459 - m465 - m467 + m469 - m470 - m476 - m477 - m478 - m488 + m527)
c28 = ( - m155 + m161 - m168 + m173 + m184 + m193 - m194 - m217 + m218 + m227 - m231 + m237 - m244 + m249 + m260 + m269 - m270 - m293 + m294 + m303 - m307 + m313 - m320 + m325 + m336 + m345 - m346 - m369 + m370 + m379 - m459 + m465 - m472 + m477 + m488 + m497 - m498 - m521 + m522 + m531)
c29 = ( - m382 + m394 + m401 + m402 - m404 - m405 - m419 - m420 + m439 + m440 + m458 - m470 - m477 - m478 + m480 + m481 + m495 + m496 - m515 - m516)
c30 = ( - m391 + m393 + m399 - m400 - m401 - m406 + m408 + m413 - m431 - m434 + m467 - m469 - m475 + m476 + m477 + m482 - m484 - m489 + m507 + m510)
c31 = (m382 + m383 - m389 - m391 + m393 - m394 - m400 - m401 - m402 - m412 + m451 - m458 - m459 + m465 + m467 - m469 + m470 + m476 + m477 + m478 + m488 - m527)
c32 = ( - m383 + m389 - m396 + m401 + m412 + m421 - m422 - m445 + m446 + m455 + m459 - m465 + m472 - m477 - m488 - m497 + m498 + m521 - m522 - m531)
c33 = ( - m162 - m166 + m176 + m183 + m185 - m188 + m189 - m190 + m209 - m228 - m238 - m242 + m252 + m259 + m261 - m264 + m265 - m266 + m285 - m304 - m314 - m318 + m328 + m335 + m337 - m340 + m341 - m342 + m361 - m380 - m466 - m470 + m480 + m487 + m489 - m492 + m493 - m494 + m513 - m532)
c34 = (m159 - m160 + m161 - m162 - m166 + m167 + m180 - m181 + m183 + m185 - m197 + m235 - m236 + m237 - m238 - m242 + m243 + m256 - m257 + m259 + m261 - m273 + m311 - m312 + m313 - m314 - m318 + m319 + m332 - m333 + m335 + m337 - m349 + m463 - m464 + m465 - m466 - m470 + m471 + m484 - m485 + m487 + m489 - m501)
c35 = ( - m160 + m167 - m171 - m174 + m178 - m181 + m183 - m184 - m200 + m201 - m236 + m243 - m247 - m250 + m254 - m257 + m259 - m260 - m276 + m277 - m312 + m319 - m323 - m326 + m330 - m333 + m335 - m336 - m352 + m353 - m464 + m471 - m475 - m478 + m482 - m485 + m487 - m488 - m504 + m505)
c36 = ( - m159 - m161 + m168 + m169 - m180 - m183 + m186 - m187 - m207 + m210 - m235 - m237 + m244 + m245 - m256 - m259 + m262 - m263 - m283 + m286 - m311 - m313 + m320 + m321 - m332 - m335 + m338 - m339 - m359 + m362 - m463 - m465 + m472 + m473 - m484 - m487 + m490 - m491 - m511 + m514)
c37 = ( - m390 - m394 + m404 + m411 + m413 - m416 + m417 - m418 + m437 - m456 + m466 + m470 - m480 - m487 - m489 + m492 - m493 + m494 - m513 + m532)
c38 = (m387 - m388 + m389 - m390 - m394 + m395 + m408 - m409 + m411 + m413 - m425 - m463 + m464 - m465 + m466 + m470 - m471 - m484 + m485 - m487 - m489 + m501)
c39 = ( - m388 + m395 - m399 - m402 + m406 - m409 + m411 - m412 - m428 + m429 + m464 - m471 + m475 + m478 - m482 + m485 - m487 + m488 + m504 - m505)
c40 = ( - m387 - m389 + m396 + m397 - m408 - m411 + m414 - m415 - m435 + m438 + m463 + m465 - m472 - m473 + m484 + m487 - m490 + m491 + m511 - m514)
c41 = ( - m4 - m5 - m6 - m9 + m13 + m15 + m24 + m25 + m27 + m37 - m47 + m156 + m157 + m158 + m161 - m165 - m167 - m176 - m177 - m179 - m189 + m199 + m232 + m233 + m234 + m237 - m241 - m243 - m252 - m253 - m255 - m265 + m275 + m460 + m461 + m462 + m465 - m469 - m471 - m480 - m481 - m483 - m493 + m503)
c42 = ( - m5 + m13 + m25 + m27 + m28 - m29 + m36 + m38 + m50 - m69 + m157 - m165 - m177 - m179 - m180 + m181 - m188 - m190 - m202 + m221 + m233 - m241 - m253 - m255 - m256 + m257 - m264 - m266 - m278 + m297 + m461 - m469 - m481 - m483 - m484 + m485 - m492 - m494 - m506 + m525)
c43 = (m6 - m15 + m20 - m27 + m32 - m37 + m39 + m40 + m52 + m53 - m158 + m167 - m172 + m179 - m184 + m189 - m191 - m192 - m204 - m205 - m234 + m243 - m248 + m255 - m260 + m265 - m267 - m268 - m280 - m281 - m462 + m471 - m476 + m483 - m488 + m493 - m495 - m496 - m508 - m509)
c44 = (m4 + m9 - m17 + m23 - m24 - m27 + m30 + m61 - m64 + m66 - m156 - m161 + m169 - m175 + m176 + m179 - m182 - m213 + m216 - m218 - m232 - m237 + m245 - m251 + m252 + m255 - m258 - m289 + m292 - m294 - m460 - m465 + m473 - m479 + m480 + m483 - m486 - m517 + m520 - m522)
c45 = (m4 + m5 + m6 + m9 - m13 - m15 - m24 - m25 - m27 - m37 + m47 - m80 - m81 - m82 - m85 + m89 + m91 + m100 + m101 + m103 + m113 - m123 - m156 - m157 - m158 - m161 + m165 + m167 + m176 + m177 + m179 + m189 - m199 - m460 - m461 - m462 - m465 + m469 + m471 + m480 + m481 + m483 + m493 - m503)
c46 = (m5 - m13 - m25 - m27 - m28 + m29 - m36 - m38 - m50 + m69 - m81 + m89 + m101 + m103 + m104 - m105 + m112 + m114 + m126 - m145 - m157 + m165 + m177 + m179 + m180 - m181 + m188 + m190 + m202 - m221 - m461 + m469 + m481 + m483 + m484 - m485 + m492 + m494 + m506 - m525)
c47 = ( - m6 + m15 - m20 + m27 - m32 + m37 - m39 - m40 - m52 - m53 + m82 - m91 + m96 - m103 + m108 - m113 + m115 + m116 + m128 + m129 + m158 - m167 + m172 - m179 + m184 - m189 + m191 + m192 + m204 + m205 + m462 - m471 + m476 - m483 + m488 - m493 + m495 + m496 + m508 + m509)
c48 = ( - m4 - m9 + m17 - m23 + m24 + m27 - m30 - m61 + m64 - m66 + m80 + m85 - m93 + m99 - m100 - m103 + m106 + m137 - m140 + m142 + m156 + m161 - m169 + m175 - m176 - m179 + m182 + m213 - m216 + m218 + m460 + m465 - m473 + m479 - m480 - m483 + m486 + m517 - m520 + m522)
c49 = (m4 + m5 + m6 + m9 - m13 - m14 - m15 - m44 + m47 - m156 - m157 - m158 - m161 + m165 + m166 + m167 + m196 - m199 - m232 - m233 - m234 - m237 + m241 + m242 + m243 + m272 - m275 - m460 - m461 - m462 - m465 + m469 + m470 + m471 + m500 - m503)
c50 = (m7 - m8 + m9 - m10 - m13 - m14 + m15 + m43 - m45 - m159 + m160 - m161 + m162 + m165 + m166 - m167 - m195 + m197 - m235 + m236 - m237 + m238 + m241 + m242 - m243 - m271 + m273 - m463 + m464 - m465 + m466 + m469 + m470 - m471 - m499 + m501)
c51 = (m1 - m2 - m3 + m9 + m11 - m13 + m14 + m15 - m71 - m153 + m154 + m155 - m161 - m163 + m165 - m166 - m167 + m223 - m229 + m230 + m231 - m237 - m239 + m241 - m242 - m243 + m299 - m457 + m458 + m459 - m465 - m467 + m469 - m470 - m471 + m527)
c52 = ( - m9 - m12 + m13 + m14 - m15 + m46 - m67 + m68 + m72 + m161 + m164 - m165 - m166 + m167 - m198 + m219 - m220 - m224 + m237 + m240 - m241 - m242 + m243 - m274 + m295 - m296 - m300 + m465 + m468 - m469 - m470 + m471 - m502 + m523 - m524 - m528)
c53 = ( - m4 - m5 - m6 - m9 + m13 + m14 + m15 + m44 - m47 + m80 + m81 + m82 + m85 - m89 - m90 - m91 - m120 + m123 + m156 + m157 + m158 + m161 - m165 - m166 - m167 - m196 + m199 + m460 + m461 + m462 + m465 - m469 - m470 - m471 - m500 + m503)
c54 = ( - m7 + m8 - m9 + m10 + m13 + m14 - m15 - m43 + m45 + m83 - m84 + m85 - m86 - m89 - m90 + m91 + m119 - m121 + m159 - m160 + m161 - m162 - m165 - m166 + m167 + m195 - m197 + m463 - m464 + m465 - m466 - m469 - m470 + m471 + m499 - m501)
c55 = ( - m1 + m2 + m3 - m9 - m11 + m13 - m14 - m15 + m71 + m77 - m78 - m79 + m85 + m87 - m89 + m90 + m91 - m147 + m153 - m154 - m155 + m161 + m163 - m165 + m166 + m167 - m223 + m457 - m458 - m459 + m465 + m467 - m469 + m470 + m471 - m527)
c56 = (m9 + m12 - m13 - m14 + m15 - m46 + m67 - m68 - m72 - m85 - m88 + m89 + m90 - m91 + m122 - m143 + m144 + m148 - m161 - m164 + m165 + m166 - m167 + m198 - m219 + m220 + m224 - m465 - m468 + m469 + m470 - m471 + m502 - m523 + m524 + m528)
c57 = ( - m14 + m16 - m18 + m23 + m25 + m30 + m37 + m62 - m63 - m72 + m166 - m168 + m170 - m175 - m177 - m182 - m189 - m214 + m215 + m224 + m242 - m244 + m246 - m251 - m253 - m258 - m265 - m290 + m291 + m300 + m470 - m472 + m474 - m479 - m481 - m486 - m493 - m518 + m519 + m528)
c58 = (m12 - m13 - m18 + m29 - m33 - m34 + m35 - m66 - m70 + m73 - m164 + m165 + m170 - m181 + m185 + m186 - m187 + m218 + m222 - m225 - m240 + m241 + m246 - m257 + m261 + m262 - m263 + m294 + m298 - m301 - m468 + m469 + m474 - m485 + m489 + m490 - m491 + m522 + m526 - m529)
c59 = (m15 + m17 - m18 - m20 - m22 + m41 - m42 + m56 + m67 - m74 - m167 - m169 + m170 + m172 + m174 - m193 + m194 - m208 - m219 + m226 - m243 - m245 + m246 + m248 + m250 - m269 + m270 - m284 - m295 + m302 - m471 - m473 + m474 + m476 + m478 - m497 + m498 - m512 - m523 + m530)
c60 = ( - m12 + m13 + m14 - m15 - m16 - m17 + m18 + m66 - m67 + m68 + m72 + m164 - m165 - m166 + m167 + m168 + m169 - m170 - m218 + m219 - m220 - m224 + m240 - m241 - m242 + m243 + m244 + m245 - m246 - m294 + m295 - m296 - m300 + m468 - m469 - m470 + m471 + m472 + m473 - m474 - m522 + m523 - m524 - m528)
c61 = (m14 - m16 + m18 - m23 - m25 - m30 - m37 - m62 + m63 + m72 - m90 + m92 - m94 + m99 + m101 + m106 + m113 + m138 - m139 - m148 - m166 + m168 - m170 + m175 + m177 + m182 + m189 + m214 - m215 - m224 - m470 + m472 - m474 + m479 + m481 + m486 + m493 + m518 - m519 - m528)
c62 = ( - m12 + m13 + m18 - m29 + m33 + m34 - m35 + m66 + m70 - m73 + m88 - m89 - m94 + m105 - m109 - m110 + m111 - m142 - m146 + m149 + m164 - m165 - m170 + m181 - m185 - m186 + m187 - m218 - m222 + m225 + m468 - m469 - m474 + m485 - m489 - m490 + m491 - m522 - m526 + m529)
c63 = ( - m15 - m17 + m18 + m20 + m22 - m41 + m42 - m56 - m67 + m74 + m91 + m93 - m94 - m96 - m98 + m117 - m118 + m132 + m143 - m150 + m167 + m169 - m170 - m172 - m174 + m193 - m194 + m208 + m219 - m226 + m471 + m473 - m474 - m476 - m478 + m497 - m498 + m512 + m523 - m530)
c64 = (m12 - m13 - m14 + m15 + m16 + m17 - m18 - m66 + m67 - m68 - m72 - m88 + m89 + m90 - m91 - m92 - m93 + m94 + m142 - m143 + m144 + m148 - m164 + m165 + m166 - m167 - m168 - m169 + m170 + m218 - m219 + m220 + m224 - m468 + m469 + m470 - m471 - m472 - m473 + m474 + m522 - m523 + m524 + m528)
c65 = ( - m2 + m14 + m21 + m22 - m24 - m25 - m39 - m40 + m59 + m60 + m154 - m166 - m173 - m174 + m176 + m177 + m191 + m192 - m211 - m212 + m230 - m242 - m249 - m250 + m252 + m253 + m267 + m268 - m287 - m288 + m458 - m470 - m477 - m478 + m480 + m481 + m495 + m496 - m515 - m516)
c66 = ( - m11 + m13 + m19 - m20 - m21 - m26 + m28 + m33 - m51 - m54 + m163 - m165 - m171 + m172 + m173 + m178 - m180 - m185 + m203 + m206 + m239 - m241 - m247 + m248 + m249 + m254 - m256 - m261 + m279 + m282 + m467 - m469 - m475 + m476 + m477 + m482 - m484 - m489 + m507 + m510)
c67 = (m2 + m3 - m9 - m11 + m13 - m14 - m20 - m21 - m22 - m32 + m71 - m154 - m155 + m161 + m163 - m165 + m166 + m172 + m173 + m174 + m184 - m223 - m230 - m231 + m237 + m239 - m241 + m242 + m248 + m249 + m250 + m260 - m299 - m458 - m459 + m465 + m467 - m469 + m470 + m476 + m477 + m478 + m488 - m527)
c68 = ( - m3 + m9 - m16 + m21 + m32 + m41 - m42 - m65 + m66 + m75 + m155 - m161 + m168 - m173 - m184 - m193 + m194 + m217 - m218 - m227 + m231 - m237 + m244 - m249 - m260 - m269 + m270 + m293 - m294 - m303 + m459 - m465 + m472 - m477 - m488 - m497 + m498 + m521 - m522 - m531)
c69 = (m2 - m14 - m21 - m22 + m24 + m25 + m39 + m40 - m59 - m60 - m78 + m90 + m97 + m98 - m100 - m101 - m115 - m116 + m135 + m136 - m154 + m166 + m173 + m174 - m176 - m177 - m191 - m192 + m211 + m212 - m458 + m470 + m477 + m478 - m480 - m481 - m495 - m496 + m515 + m516)
c70 = (m11 - m13 - m19 + m20 + m21 + m26 - m28 - m33 + m51 + m54 - m87 + m89 + m95 - m96 - m97 - m102 + m104 + m109 - m127 - m130 - m163 + m165 + m171 - m172 - m173 - m178 + m180 + m185 - m203 - m206 - m467 + m469 + m475 - m476 - m477 - m482 + m484 + m489 - m507 - m510)
c71 = ( - m2 - m3 + m9 + m11 - m13 + m14 + m20 + m21 + m22 + m32 - m71 + m78 + m79 - m85 - m87 + m89 - m90 - m96 - m97 - m98 - m108 + m147 + m154 + m155 - m161 - m163 + m165 - m166 - m172 - m173 - m174 - m184 + m223 + m458 + m459 - m465 - m467 + m469 - m470 - m476 - m477 - m478 - m488 + m527)
c72 = (m3 - m9 + m16 - m21 - m32 - m41 + m42 + m65 - m66 - m75 - m79 + m85 - m92 + m97 + m108 + m117 - m118 - m141 + m142 + m151 - m155 + m161 - m168 + m173 + m184 + m193 - m194 - m217 + m218 + m227 - m459 + m465 - m472 + m477 + m488 + m497 - m498 - m521 + m522 + m531)
c73 = ( - m10 - m14 + m24 + m31 + m33 - m36 + m37 - m38 + m57 - m76 + m162 + m166 - m176 - m183 - m185 + m188 - m189 + m190 - m209 + m228 + m238 + m242 - m252 - m259 - m261 + m264 - m265 + m266 - m285 + m304 + m466 + m470 - m480 - m487 - m489 + m492 - m493 + m494 - m513 + m532)
c74 = (m7 - m8 + m9 - m10 - m14 + m15 + m28 - m29 + m31 + m33 - m45 - m159 + m160 - m161 + m162 + m166 - m167 - m180 + m181 - m183 - m185 + m197 - m235 + m236 - m237 + m238 + m242 - m243 - m256 + m257 - m259 - m261 + m273 - m463 + m464 - m465 + m466 + m470 - m471 - m484 + m485 - m487 - m489 + m501)
c75 = ( - m8 + m15 - m19 - m22 + m26 - m29 + m31 - m32 - m48 + m49 + m160 - m167 + m171 + m174 - m178 + m181 - m183 + m184 + m200 - m201 + m236 - m243 + m247 + m250 - m254 + m257 - m259 + m260 + m276 - m277 + m464 - m471 + m475 + m478 - m482 + m485 - m487 + m488 + m504 - m505)
c76 = ( - m7 - m9 + m16 + m17 - m28 - m31 + m34 - m35 - m55 + m58 + m159 + m161 - m168 - m169 + m180 + m183 - m186 + m187 + m207 - m210 + m235 + m237 - m244 - m245 + m256 + m259 - m262 + m263 + m283 - m286 + m463 + m465 - m472 - m473 + m484 + m487 - m490 + m491 + m511 - m514)
c77 = (m10 + m14 - m24 - m31 - m33 + m36 - m37 + m38 - m57 + m76 - m86 - m90 + m100 + m107 + m109 - m112 + m113 - m114 + m133 - m152 - m162 - m166 + m176 + m183 + m185 - m188 + m189 - m190 + m209 - m228 - m466 - m470 + m480 + m487 + m489 - m492 + m493 - m494 + m513 - m532)
c78 = ( - m7 + m8 - m9 + m10 + m14 - m15 - m28 + m29 - m31 - m33 + m45 + m83 - m84 + m85 - m86 - m90 + m91 + m104 - m105 + m107 + m109 - m121 + m159 - m160 + m161 - m162 - m166 + m167 + m180 - m181 + m183 + m185 - m197 + m463 - m464 + m465 - m466 - m470 + m471 + m484 - m485 + m487 + m489 - m501)
c79 = (m8 - m15 + m19 + m22 - m26 + m29 - m31 + m32 + m48 - m49 - m84 + m91 - m95 - m98 + m102 - m105 + m107 - m108 - m124 + m125 - m160 + m167 - m171 - m174 + m178 - m181 + m183 - m184 - m200 + m201 - m464 + m471 - m475 - m478 + m482 - m485 + m487 - m488 - m504 + m505)
c80 = (m7 + m9 - m16 - m17 + m28 + m31 - m34 + m35 + m55 - m58 - m83 - m85 + m92 + m93 - m104 - m107 + m110 - m111 - m131 + m134 - m159 - m161 + m168 + m169 - m180 - m183 + m186 - m187 - m207 + m210 - m463 - m465 + m472 + m473 - m484 - m487 + m490 - m491 - m511 + m514)

res_mul_num: [44, 40, 40, 40, 22, 20, 20, 20, 36, 36, 36, 36, 18, 18, 18, 18, 40, 40, 40, 44, 20, 20, 20, 22, 40, 40, 44, 40, 20, 20, 22, 20, 40, 44, 40, 40, 20, 22, 20, 20, 44, 40, 40, 40, 44, 40, 40, 40, 36, 36, 36, 36, 36, 36, 36, 36, 40, 40, 40, 44, 40, 40, 40, 44, 40, 40, 44, 40, 40, 40, 44, 40, 40, 44, 40, 40, 40, 44, 40, 40]

res_add_num: [379, 415, 425, 363, 127, 159, 156, 135, 327, 327, 327, 327, 107, 107, 107, 107, 401, 441, 435, 379, 150, 162, 165, 127, 435, 363, 379, 501, 165, 135, 127, 186, 425, 379, 363, 433, 156, 127, 135, 162, 379, 415, 425, 363, 336, 403, 400, 346, 327, 327, 327, 327, 285, 285, 285, 285, 401, 441, 435, 379, 383, 415, 419, 336, 435, 363, 379, 501, 419, 346, 336, 474, 425, 379, 363, 433, 400, 336, 346, 413]

Sorted indices: [27, 67, 71, 17, 57, 18, 24, 58, 64, 35, 75, 2, 32, 42, 72, 62, 68, 1, 41, 61, 79, 45, 16, 56, 46, 76, 0, 19, 26, 33, 40, 59, 60, 66, 73, 3, 25, 34, 43, 65, 74, 47, 69, 78, 44, 63, 70, 77, 8, 9, 10, 11, 48, 49, 50, 51, 52, 53, 54, 55, 31, 22, 28, 21, 39, 5, 6, 36, 20, 7, 29, 38, 4, 23, 30, 37, 12, 13, 14, 15]
level0:
add0: b32 + b35
add1: b42 + b47
add2: b11 + b12
add3: b2 + b7
add4: b2 + b3
add5: b22 + b27
add6: b22 + b24
add7: b32 + b37
add8: b37 + b40
add9: b92 + b97
add10: b16 + b17
add11: b52 + b57
add12: b7 + b8
add13: b72 + b77
add14: b27 + b29
add15: b82 + b87
add16: b77 + b80
add17: b42 + b92
add18: b56 + b57
add19: b2 + b52
add20: b47 + b48
add21: b22 + b72
add22: b67 + b69
add23: b32 + b82
add24: b65 + b70
add25: b42 + b44
add26: b53 + b58
add27: b22 + b25
add28: b44 + b49
add29: b31 + b32
add30: b71 + b76
add31: b2 + b3

level1:
mul0: add0 * add1
mul1: add2 * add3
mul2: add4 * add5
mul3: add6 * add7
mul4: add8 * add9
mul5: add10 * add11
mul6: add12 * add13
mul7: add14 * add15
mul8: add16 * add17
mul9: add18 * add19
mul10: add20 * add21
mul11: add22 * add23
mul12: add24 * add25
mul13: add26 * add27
mul14: add28 * add29
mul15: add30 * add31

bias：
arr0:
[[0.14435077 0.65870909 0.43960157 0.70092331 0.11672849 0.60032633
  0.40202079 0.12368699 0.29923383 0.46026355]
 [0.20798345 0.37274383 0.5869395  0.92647829 0.49324315 0.62523492
  0.56631414 0.91341927 0.21337051 0.73781292]
 [0.79655187 0.48057358 0.70820419 0.25425032 0.79782997 0.16384973
  0.21130965 0.21227013 0.13603655 0.70940676]
 [0.05872242 0.4830122  0.30276874 0.97658587 0.2506789  0.95722511
  0.50805995 0.4197959  0.56801674 0.62946126]
 [0.83813263 0.429038   0.40559919 0.44282198 0.24262907 0.4976966
  0.45670537 0.33170291 0.56164909 0.28958768]
 [0.96299128 0.39047458 0.77852384 0.54256377 0.91964892 0.18982661
  0.67665268 0.5912969  0.01217188 0.35601633]
 [0.23332879 0.91050941 0.29246364 0.01112676 0.91577883 0.39172621
  0.88354129 0.49145321 0.91574623 0.83464661]
 [0.39363307 0.32077118 0.0062644  0.19715434 0.93552796 0.34227807
  0.66349286 0.28830915 0.89891564 0.11635014]]
arr1:
[[0.24868719 0.45703205 0.78024501 0.08488503 0.28590857 0.19326391
  0.75485664 0.92775044 0.20599579 0.88474768]
 [0.78613454 0.36204579 0.15420307 0.42727479 0.26268638 0.6692204
  0.10186187 0.78592133 0.71760584 0.39021013]
 [0.42918327 0.32984899 0.83579573 0.92425185 0.4517638  0.65895705
  0.65989451 0.50671732 0.94522191 0.39264032]
 [0.31084022 0.39616756 0.80685077 0.9901556  0.10139566 0.26490722
  0.74751792 0.41925988 0.94706465 0.19444128]
 [0.54414132 0.11341628 0.9539535  0.2805105  0.23042004 0.84978842
  0.39464151 0.48944302 0.58372419 0.3904203 ]
 [0.97209002 0.78032463 0.98836517 0.65732847 0.97608533 0.52598444
  0.42977447 0.65400974 0.30661946 0.52305544]
 [0.14939906 0.53216599 0.40205108 0.31969531 0.10291294 0.88126926
  0.46614393 0.71107811 0.81271808 0.16199346]
 [0.52144121 0.84955488 0.2179779  0.17548539 0.85485448 0.78748076
  0.40459854 0.90705484 0.72406354 0.20512826]
 [0.42477333 0.58287079 0.09221717 0.20923131 0.33154974 0.97528291
  0.38658769 0.96282067 0.79830895 0.32561264]
 [0.42775932 0.15397997 0.55089315 0.77751319 0.34555498 0.05217836
  0.3090366  0.05955666 0.29520091 0.81531546]]
res:
[[2.05591057 1.77313603 2.32160121 2.39208335 1.50220277 2.12657751
  1.78953724 2.33156833 2.62501691 1.61641056]
 [2.72796125 2.64982426 3.39926392 3.14574368 2.40523307 3.13482816
  2.68225719 3.30266997 3.73194289 2.2098014 ]
 [2.0557732  1.57202153 2.95028341 2.19560272 1.53691786 2.2968215
  2.14911419 2.59582932 2.57855147 2.31742879]
 [2.70007409 2.51886424 3.04145477 3.00205324 2.18855594 2.87445641
  2.35445033 3.07211345 3.36575252 2.01432785]
 [2.07691042 2.16028851 2.60700829 2.00989904 1.73900964 2.52821203
  2.2384082  3.13384135 2.72272891 2.07036885]
 [2.30105416 2.23000328 3.56314474 2.48754854 1.88398273 3.0779162
  2.79991182 3.44694291 3.41620324 2.39902147]
 [2.9161708  2.49668726 2.84325672 2.41380788 2.13559434 3.93666404
  2.22259807 3.79478542 3.69445573 2.46377448]
 [1.93688412 1.8892914  2.22824492 1.40014355 1.42226789 3.01665281
  1.80702048 2.99059962 2.65489845 1.61269044]]
res_ref:
[[2.05591057 1.77313603 2.32160121 2.39208335 1.50220277 2.12657751
  1.78953724 2.33156833 2.62501691 1.61641056]
 [2.72796125 2.64982426 3.39926392 3.14574368 2.40523307 3.13482816
  2.68225719 3.30266997 3.73194289 2.2098014 ]
 [2.0557732  1.57202153 2.95028341 2.19560272 1.53691786 2.2968215
  2.14911419 2.59582932 2.57855147 2.31742879]
 [2.70007409 2.51886424 3.04145477 3.00205324 2.18855594 2.87445641
  2.35445033 3.07211345 3.36575252 2.01432785]
 [2.07691042 2.16028851 2.60700829 2.00989904 1.73900964 2.52821203
  2.2384082  3.13384135 2.72272891 2.07036885]
 [2.30105416 2.23000328 3.56314474 2.48754854 1.88398273 3.0779162
  2.79991182 3.44694291 3.41620324 2.39902147]
 [2.9161708  2.49668726 2.84325672 2.41380788 2.13559434 3.93666404
  2.22259807 3.79478542 3.69445573 2.46377448]
 [1.93688412 1.8892914  2.22824492 1.40014355 1.42226789 3.01665281
  1.80702048 2.99059962 2.65489845 1.61269044]]

Result: True

