c1 = ( - m311 - m319 - m321 - m322 - m323 - m324 - m329 - m333 - m341 + m347 + m355 + m357 + m358 + m359 + m360 + m365 + m369 + m377 - m383 - m391 - m393 - m394 - m395 - m396 - m401 - m405 - m413 + m527 + m535 + m537 + m538 + m539 + m540 + m545 + m549 + m557)
c2 = ( - m312 - m313 - m315 - m317 - m320 - m321 - m328 - m332 - m335 - m336 + m348 + m349 + m351 + m353 + m356 + m357 + m364 + m368 + m371 + m372 - m384 - m385 - m387 - m389 - m392 - m393 - m400 - m404 - m407 - m408 + m528 + m529 + m531 + m533 + m536 + m537 + m544 + m548 + m551 + m552)
c3 = (m312 + m313 + m315 + m317 - m326 + m328 + m332 - m333 - m334 + m335 - m348 - m349 - m351 - m353 + m362 - m364 - m368 + m369 + m370 - m371 + m384 + m385 + m387 + m389 - m398 + m400 + m404 - m405 - m406 + m407 - m528 - m529 - m531 - m533 + m542 - m544 - m548 + m549 + m550 - m551)
c4 = (m51 + m52 + m53 + m54 + m57 + m61 + m63 + m64 + m65 + m74 + m76 + m78 + m86 + m89 + m90 + m92 + m145 + m146 + m147 + m148 + m151 + m155 + m157 + m158 + m159 + m168 + m170 + m172 + m180 + m183 + m184 + m186 - m192 - m200 - m202 - m203 - m204 - m205 - m210 - m214 - m222 - m275 - m283 - m285 - m286 - m287 - m288 - m293 - m297 - m305)
c5 = ( - m50 - m51 - m52 - m53 - m54 - m57 - m72 - m74 - m89 - m144 - m145 - m146 - m147 - m148 - m151 - m166 - m168 - m183 - m193 - m194 - m196 - m198 - m201 - m202 - m209 - m213 - m216 - m217 - m276 - m277 - m279 - m281 - m284 - m285 - m292 - m296 - m299 - m300)
c6 = (m58 + m59 + m60 - m61 - m65 - m72 - m78 - m86 - m90 - m92 + m94 + m152 + m153 + m154 - m155 - m159 - m166 - m172 - m180 - m184 - m186 + m188 + m193 + m194 + m196 + m198 - m207 + m209 + m213 - m214 - m215 + m216 + m276 + m277 + m279 + m281 - m290 + m292 + m296 - m297 - m298 + m299)
c7 = ( - m275 - m283 - m285 - m286 - m287 - m288 - m293 - m297 - m305 - m311 - m319 - m321 - m322 - m323 - m324 - m329 - m333 - m341)
c8 = ( - m276 - m277 - m279 - m281 - m284 - m285 - m292 - m296 - m299 - m300 - m312 - m313 - m315 - m317 - m320 - m321 - m328 - m332 - m335 - m336)
c9 = (m276 + m277 + m279 + m281 - m290 + m292 + m296 - m297 - m298 + m299 + m312 + m313 + m315 + m317 - m326 + m328 + m332 - m333 - m334 + m335)
c10 = ( - m318 - m319 - m322 - m324 - m330 - m331 - m333 - m337 - m340 - m342 + m354 + m355 + m358 + m360 + m366 + m367 + m369 + m373 + m376 + m378 - m390 - m391 - m394 - m396 - m402 - m403 - m405 - m409 - m412 - m414 + m534 + m535 + m538 + m540 + m546 + m547 + m549 + m553 + m556 + m558)
c11 = (m310 + m311 - m312 - m314 - m315 - m317 - m318 - m320 - m343 - m346 - m347 + m348 + m350 + m351 + m353 + m354 + m356 + m379 + m382 + m383 - m384 - m386 - m387 - m389 - m390 - m392 - m415 - m526 - m527 + m528 + m530 + m531 + m533 + m534 + m536 + m559)
c12 = (m317 - m322 - m324 - m325 - m327 - m330 - m331 - m333 - m337 - m340 - m353 + m358 + m360 + m361 + m363 + m366 + m367 + m369 + m373 + m376 + m389 - m394 - m396 - m397 - m399 - m402 - m403 - m405 - m409 - m412 - m533 + m538 + m540 + m541 + m543 + m546 + m547 + m549 + m553 + m556)
c13 = ( - m55 - m56 - m57 - m58 - m67 - m68 - m69 - m73 - m75 - m76 - m149 - m150 - m151 - m152 - m161 - m162 - m163 - m167 - m169 - m170 - m199 - m200 - m203 - m205 - m211 - m212 - m214 - m218 - m221 - m223 - m282 - m283 - m286 - m288 - m294 - m295 - m297 - m301 - m304 - m306)
c14 = ( - m48 - m49 + m53 - m54 - m60 - m66 - m71 + m72 + m89 - m142 - m143 + m147 - m148 - m154 - m160 - m165 + m166 + m183 + m191 + m192 - m193 - m195 - m196 - m198 - m199 - m201 - m224 + m274 + m275 - m276 - m278 - m279 - m281 - m282 - m284 - m307)
c15 = ( - m49 + m53 - m54 + m56 - m60 + m62 - m66 + m67 + m68 + m69 - m71 + m72 + m73 + m75 + m83 + m89 - m94 - m143 + m147 - m148 + m150 - m154 + m156 - m160 + m161 + m162 + m163 - m165 + m166 + m167 + m169 + m177 + m183 - m188 + m198 - m203 - m205 - m206 - m208 - m211 - m212 - m214 - m218 - m221 + m281 - m286 - m288 - m289 - m291 - m294 - m295 - m297 - m301 - m304)
c16 = ( - m282 - m283 - m286 - m288 - m294 - m295 - m297 - m301 - m304 - m306 - m318 - m319 - m322 - m324 - m330 - m331 - m333 - m337 - m340 - m342)
c17 = (m274 + m275 - m276 - m278 - m279 - m281 - m282 - m284 - m307 + m310 + m311 - m312 - m314 - m315 - m317 - m318 - m320 - m343)
c18 = (m281 - m286 - m288 - m289 - m291 - m294 - m295 - m297 - m301 - m304 + m317 - m322 - m324 - m325 - m327 - m330 - m331 - m333 - m337 - m340)
c19 = ( - m309 - m310 - m311 - m316 + m318 - m321 - m329 - m338 + m340 - m341 + m345 + m346 + m347 + m352 - m354 + m357 + m365 + m374 - m376 + m377 - m381 - m382 - m383 - m388 + m390 - m393 - m401 - m410 + m412 - m413 + m525 + m526 + m527 + m532 - m534 + m537 + m545 + m554 - m556 + m557)
c20 = ( - m309 - m310 - m311 + m314 + m318 - m321 - m329 - m335 - m338 - m339 + m345 + m346 + m347 - m350 - m354 + m357 + m365 + m371 + m374 + m375 - m381 - m382 - m383 + m386 + m390 - m393 - m401 - m407 - m410 - m411 + m525 + m526 + m527 - m530 - m534 + m537 + m545 + m551 + m554 + m555)
c21 = ( - m308 + m315 + m324 + m327 + m328 + m330 - m334 + m335 + m340 + m344 - m351 - m360 - m363 - m364 - m366 + m370 - m371 - m376 - m380 + m387 + m396 + m399 + m400 + m402 - m406 + m407 + m412 + m524 - m531 - m540 - m543 - m544 - m546 + m550 - m551 - m556)
c22 = ( - m52 - m53 - m61 - m63 + m81 - m85 - m86 + m87 - m90 - m92 + m93 - m146 - m147 - m155 - m157 + m175 - m179 - m180 + m181 - m184 - m186 + m187 - m190 - m191 - m192 - m197 + m199 - m202 - m210 - m219 + m221 - m222 - m273 - m274 - m275 - m280 + m282 - m285 - m293 - m302 + m304 - m305)
c23 = (m53 + m69 + m70 + m79 - m85 - m86 + m87 + m88 - m90 - m93 + m147 + m163 + m164 + m173 - m179 - m180 + m181 + m182 - m184 - m187 - m190 - m191 - m192 + m195 + m199 - m202 - m210 - m216 - m219 - m220 - m273 - m274 - m275 + m278 + m282 - m285 - m293 - m299 - m302 - m303)
c24 = (m53 - m66 + m67 + m77 - m79 + m83 + m84 + m85 + m86 - m87 + m90 + m92 + m147 - m160 + m161 + m171 - m173 + m177 + m178 + m179 + m180 - m181 + m184 + m186 - m189 + m196 + m205 + m208 + m209 + m211 - m215 + m216 + m221 - m272 + m279 + m288 + m291 + m292 + m294 - m298 + m299 + m304)
c25 = ( - m273 - m274 - m275 - m280 + m282 - m285 - m293 - m302 + m304 - m305 - m309 - m310 - m311 - m316 + m318 - m321 - m329 - m338 + m340 - m341)
c26 = ( - m273 - m274 - m275 + m278 + m282 - m285 - m293 - m299 - m302 - m303 - m309 - m310 - m311 + m314 + m318 - m321 - m329 - m335 - m338 - m339)
c27 = ( - m272 + m279 + m288 + m291 + m292 + m294 - m298 + m299 + m304 - m308 + m315 + m324 + m327 + m328 + m330 - m334 + m335 + m340)
c28 = (m51 + m52 + m53 + m54 + m57 + m61 + m63 + m64 + m65 + m74 + m76 + m78 + m86 + m89 + m90 + m92 - m98 - m99 - m100 - m101 - m104 - m108 - m110 - m111 - m112 - m121 - m123 - m125 - m133 - m136 - m137 - m139 - m228 - m229 - m230 - m231 - m234 - m238 - m240 - m241 - m242 - m251 - m253 - m255 - m263 - m266 - m267 - m269 - m455 - m463 - m465 - m466 - m467 - m468 - m473 - m477 - m485)
c29 = ( - m50 - m51 - m52 - m53 - m54 - m57 - m72 - m74 - m89 + m97 + m98 + m99 + m100 + m101 + m104 + m119 + m121 + m136 + m227 + m228 + m229 + m230 + m231 + m234 + m249 + m251 + m266 - m456 - m457 - m459 - m461 - m464 - m465 - m472 - m476 - m479 - m480)
c30 = (m58 + m59 + m60 - m61 - m65 - m72 - m78 - m86 - m90 - m92 + m94 - m105 - m106 - m107 + m108 + m112 + m119 + m125 + m133 + m137 + m139 - m141 - m235 - m236 - m237 + m238 + m242 + m249 + m255 + m263 + m267 + m269 - m271 + m456 + m457 + m459 + m461 - m470 + m472 + m476 - m477 - m478 + m479)
c31 = (m4 + m5 + m6 + m7 + m10 + m14 + m16 + m17 + m18 + m27 + m29 + m31 + m39 + m42 + m43 + m45 + m51 + m52 + m53 + m54 + m57 + m61 + m63 + m64 + m65 + m74 + m76 + m78 + m86 + m89 + m90 + m92)
c32 = ( - m3 - m4 - m5 - m6 - m7 - m10 - m25 - m27 - m42 - m50 - m51 - m52 - m53 - m54 - m57 - m72 - m74 - m89)
c33 = (m11 + m12 + m13 - m14 - m18 - m25 - m31 - m39 - m43 - m45 + m47 + m58 + m59 + m60 - m61 - m65 - m72 - m78 - m86 - m90 - m92 + m94)
c34 = (m4 + m5 + m6 + m7 + m10 + m14 + m16 + m17 + m18 + m27 + m29 + m31 + m39 + m42 + m43 + m45 - m145 - m146 - m147 - m148 - m151 - m155 - m157 - m158 - m159 - m168 - m170 - m172 - m180 - m183 - m184 - m186 - m311 - m319 - m321 - m322 - m323 - m324 - m329 - m333 - m341 + m563 + m564 + m565 + m566 + m569 + m573 + m575 + m576 + m577 + m586 + m588 + m590 + m598 + m601 + m602 + m604)
c35 = ( - m3 - m4 - m5 - m6 - m7 - m10 - m25 - m27 - m42 + m144 + m145 + m146 + m147 + m148 + m151 + m166 + m168 + m183 - m312 - m313 - m315 - m317 - m320 - m321 - m328 - m332 - m335 - m336 - m562 - m563 - m564 - m565 - m566 - m569 - m584 - m586 - m601)
c36 = (m11 + m12 + m13 - m14 - m18 - m25 - m31 - m39 - m43 - m45 + m47 - m152 - m153 - m154 + m155 + m159 + m166 + m172 + m180 + m184 + m186 - m188 + m312 + m313 + m315 + m317 - m326 + m328 + m332 - m333 - m334 + m335 + m570 + m571 + m572 - m573 - m577 - m584 - m590 - m598 - m602 - m604 + m606)
c37 = ( - m55 - m56 - m57 - m58 - m67 - m68 - m69 - m73 - m75 - m76 + m102 + m103 + m104 + m105 + m114 + m115 + m116 + m120 + m122 + m123 + m232 + m233 + m234 + m235 + m244 + m245 + m246 + m250 + m252 + m253 - m462 - m463 - m466 - m468 - m474 - m475 - m477 - m481 - m484 - m486)
c38 = ( - m48 - m49 + m53 - m54 - m60 - m66 - m71 + m72 + m89 + m95 + m96 - m100 + m101 + m107 + m113 + m118 - m119 - m136 + m225 + m226 - m230 + m231 + m237 + m243 + m248 - m249 - m266 + m454 + m455 - m456 - m458 - m459 - m461 - m462 - m464 - m487)
c39 = ( - m49 + m53 - m54 + m56 - m60 + m62 - m66 + m67 + m68 + m69 - m71 + m72 + m73 + m75 + m83 + m89 - m94 + m96 - m100 + m101 - m103 + m107 - m109 + m113 - m114 - m115 - m116 + m118 - m119 - m120 - m122 - m130 - m136 + m141 + m226 - m230 + m231 - m233 + m237 - m239 + m243 - m244 - m245 - m246 + m248 - m249 - m250 - m252 - m260 - m266 + m271 + m461 - m466 - m468 - m469 - m471 - m474 - m475 - m477 - m481 - m484)
c40 = ( - m8 - m9 - m10 - m11 - m20 - m21 - m22 - m26 - m28 - m29 - m55 - m56 - m57 - m58 - m67 - m68 - m69 - m73 - m75 - m76)
c41 = ( - m1 - m2 + m6 - m7 - m13 - m19 - m24 + m25 + m42 - m48 - m49 + m53 - m54 - m60 - m66 - m71 + m72 + m89)
c42 = ( - m2 + m6 - m7 + m9 - m13 + m15 - m19 + m20 + m21 + m22 - m24 + m25 + m26 + m28 + m36 + m42 - m47 - m49 + m53 - m54 + m56 - m60 + m62 - m66 + m67 + m68 + m69 - m71 + m72 + m73 + m75 + m83 + m89 - m94)
c43 = ( - m8 - m9 - m10 - m11 - m20 - m21 - m22 - m26 - m28 - m29 + m149 + m150 + m151 + m152 + m161 + m162 + m163 + m167 + m169 + m170 - m318 - m319 - m322 - m324 - m330 - m331 - m333 - m337 - m340 - m342 - m567 - m568 - m569 - m570 - m579 - m580 - m581 - m585 - m587 - m588)
c44 = ( - m1 - m2 + m6 - m7 - m13 - m19 - m24 + m25 + m42 + m142 + m143 - m147 + m148 + m154 + m160 + m165 - m166 - m183 + m310 + m311 - m312 - m314 - m315 - m317 - m318 - m320 - m343 - m560 - m561 + m565 - m566 - m572 - m578 - m583 + m584 + m601)
c45 = ( - m2 + m6 - m7 + m9 - m13 + m15 - m19 + m20 + m21 + m22 - m24 + m25 + m26 + m28 + m36 + m42 - m47 + m143 - m147 + m148 - m150 + m154 - m156 + m160 - m161 - m162 - m163 + m165 - m166 - m167 - m169 - m177 - m183 + m188 + m317 - m322 - m324 - m325 - m327 - m330 - m331 - m333 - m337 - m340 - m561 + m565 - m566 + m568 - m572 + m574 - m578 + m579 + m580 + m581 - m583 + m584 + m585 + m587 + m595 + m601 - m606)
c46 = ( - m52 - m53 - m61 - m63 + m81 - m85 - m86 + m87 - m90 - m92 + m93 + m99 + m100 + m108 + m110 - m128 + m132 + m133 - m134 + m137 + m139 - m140 + m229 + m230 + m238 + m240 - m258 + m262 + m263 - m264 + m267 + m269 - m270 - m453 - m454 - m455 - m460 + m462 - m465 - m473 - m482 + m484 - m485)
c47 = (m53 + m69 + m70 + m79 - m85 - m86 + m87 + m88 - m90 - m93 - m100 - m116 - m117 - m126 + m132 + m133 - m134 - m135 + m137 + m140 - m230 - m246 - m247 - m256 + m262 + m263 - m264 - m265 + m267 + m270 - m453 - m454 - m455 + m458 + m462 - m465 - m473 - m479 - m482 - m483)
c48 = (m53 - m66 + m67 + m77 - m79 + m83 + m84 + m85 + m86 - m87 + m90 + m92 - m100 + m113 - m114 - m124 + m126 - m130 - m131 - m132 - m133 + m134 - m137 - m139 - m230 + m243 - m244 - m254 + m256 - m260 - m261 - m262 - m263 + m264 - m267 - m269 - m452 + m459 + m468 + m471 + m472 + m474 - m478 + m479 + m484)
c49 = ( - m5 - m6 - m14 - m16 + m34 - m38 - m39 + m40 - m43 - m45 + m46 - m52 - m53 - m61 - m63 + m81 - m85 - m86 + m87 - m90 - m92 + m93)
c50 = (m6 + m22 + m23 + m32 - m38 - m39 + m40 + m41 - m43 - m46 + m53 + m69 + m70 + m79 - m85 - m86 + m87 + m88 - m90 - m93)
c51 = (m6 - m19 + m20 + m30 - m32 + m36 + m37 + m38 + m39 - m40 + m43 + m45 + m53 - m66 + m67 + m77 - m79 + m83 + m84 + m85 + m86 - m87 + m90 + m92)
c52 = ( - m5 - m6 - m14 - m16 + m34 - m38 - m39 + m40 - m43 - m45 + m46 + m146 + m147 + m155 + m157 - m175 + m179 + m180 - m181 + m184 + m186 - m187 - m309 - m310 - m311 - m316 + m318 - m321 - m329 - m338 + m340 - m341 - m564 - m565 - m573 - m575 + m593 - m597 - m598 + m599 - m602 - m604 + m605)
c53 = (m6 + m22 + m23 + m32 - m38 - m39 + m40 + m41 - m43 - m46 - m147 - m163 - m164 - m173 + m179 + m180 - m181 - m182 + m184 + m187 - m309 - m310 - m311 + m314 + m318 - m321 - m329 - m335 - m338 - m339 + m565 + m581 + m582 + m591 - m597 - m598 + m599 + m600 - m602 - m605)
c54 = (m6 - m19 + m20 + m30 - m32 + m36 + m37 + m38 + m39 - m40 + m43 + m45 - m147 + m160 - m161 - m171 + m173 - m177 - m178 - m179 - m180 + m181 - m184 - m186 - m308 + m315 + m324 + m327 + m328 + m330 - m334 + m335 + m340 + m565 - m578 + m579 + m589 - m591 + m595 + m596 + m597 + m598 - m599 + m602 + m604)
c55 = (m51 + m54 + m64 + m65 - m68 - m69 - m75 + m82 + m85 - m87 - m89 + m93 - m98 - m101 - m111 - m112 + m115 + m116 + m122 - m129 - m132 + m134 + m136 - m140 - m228 - m231 - m241 - m242 + m245 + m246 + m252 - m259 - m262 + m264 + m266 - m270)
c56 = ( - m54 - m69 - m70 - m75 - m79 + m85 + m86 - m87 - m89 + m91 + m93 + m101 + m116 + m117 + m122 + m126 - m132 - m133 + m134 + m136 - m138 - m140 + m231 + m246 + m247 + m252 + m256 - m262 - m263 + m264 + m266 - m268 - m270)
c57 = ( - m49 - m54 + m56 + m62 + m68 + m69 + m75 + m79 + m80 - m84 - m85 + m87 + m89 + m96 + m101 - m103 - m109 - m115 - m116 - m122 - m126 - m127 + m131 + m132 - m134 - m136 + m226 + m231 - m233 - m239 - m245 - m246 - m252 - m256 - m257 + m261 + m262 - m264 - m266)
c58 = (m4 + m7 + m17 + m18 - m21 - m22 - m28 + m35 + m38 - m40 - m42 + m46 + m51 + m54 + m64 + m65 - m68 - m69 - m75 + m82 + m85 - m87 - m89 + m93)
c59 = ( - m7 - m22 - m23 - m28 - m32 + m38 + m39 - m40 - m42 + m44 + m46 - m54 - m69 - m70 - m75 - m79 + m85 + m86 - m87 - m89 + m91 + m93)
c60 = ( - m2 - m7 + m9 + m15 + m21 + m22 + m28 + m32 + m33 - m37 - m38 + m40 + m42 - m49 - m54 + m56 + m62 + m68 + m69 + m75 + m79 + m80 - m84 - m85 + m87 + m89)
c61 = (m4 + m7 + m17 + m18 - m21 - m22 - m28 + m35 + m38 - m40 - m42 + m46 - m145 - m148 - m158 - m159 + m162 + m163 + m169 - m176 - m179 + m181 + m183 - m187 + m563 + m566 + m576 + m577 - m580 - m581 - m587 + m594 + m597 - m599 - m601 + m605)
c62 = ( - m7 - m22 - m23 - m28 - m32 + m38 + m39 - m40 - m42 + m44 + m46 + m148 + m163 + m164 + m169 + m173 - m179 - m180 + m181 + m183 - m185 - m187 - m566 - m581 - m582 - m587 - m591 + m597 + m598 - m599 - m601 + m603 + m605)
c63 = ( - m2 - m7 + m9 + m15 + m21 + m22 + m28 + m32 + m33 - m37 - m38 + m40 + m42 + m143 + m148 - m150 - m156 - m162 - m163 - m169 - m173 - m174 + m178 + m179 - m181 - m183 - m561 - m566 + m568 + m574 + m580 + m581 + m587 + m591 + m592 - m596 - m597 + m599 + m601)
c64 = (m383 + m391 + m393 + m394 + m395 + m396 + m401 + m405 + m413 + m455 + m463 + m465 + m466 + m467 + m468 + m473 + m477 + m485)
c65 = (m384 + m385 + m387 + m389 + m392 + m393 + m400 + m404 + m407 + m408 + m456 + m457 + m459 + m461 + m464 + m465 + m472 + m476 + m479 + m480)
c66 = ( - m384 - m385 - m387 - m389 + m398 - m400 - m404 + m405 + m406 - m407 - m456 - m457 - m459 - m461 + m470 - m472 - m476 + m477 + m478 - m479)
c67 = ( - m4 - m5 - m6 - m7 - m10 - m14 - m16 - m17 - m18 - m27 - m29 - m31 - m39 - m42 - m43 - m45 - m98 - m99 - m100 - m101 - m104 - m108 - m110 - m111 - m112 - m121 - m123 - m125 - m133 - m136 - m137 - m139 + m383 + m391 + m393 + m394 + m395 + m396 + m401 + m405 + m413 + m419 + m427 + m429 + m430 + m431 + m432 + m437 + m441 + m449)
c68 = (m3 + m4 + m5 + m6 + m7 + m10 + m25 + m27 + m42 + m97 + m98 + m99 + m100 + m101 + m104 + m119 + m121 + m136 + m384 + m385 + m387 + m389 + m392 + m393 + m400 + m404 + m407 + m408 + m420 + m421 + m423 + m425 + m428 + m429 + m436 + m440 + m443 + m444)
c69 = ( - m11 - m12 - m13 + m14 + m18 + m25 + m31 + m39 + m43 + m45 - m47 - m105 - m106 - m107 + m108 + m112 + m119 + m125 + m133 + m137 + m139 - m141 - m384 - m385 - m387 - m389 + m398 - m400 - m404 + m405 + m406 - m407 - m420 - m421 - m423 - m425 + m434 - m436 - m440 + m441 + m442 - m443)
c70 = (m275 + m283 + m285 + m286 + m287 + m288 + m293 + m297 + m305 + m347 + m355 + m357 + m358 + m359 + m360 + m365 + m369 + m377 + m455 + m463 + m465 + m466 + m467 + m468 + m473 + m477 + m485 - m491 - m499 - m501 - m502 - m503 - m504 - m509 - m513 - m521)
c71 = (m276 + m277 + m279 + m281 + m284 + m285 + m292 + m296 + m299 + m300 + m348 + m349 + m351 + m353 + m356 + m357 + m364 + m368 + m371 + m372 + m456 + m457 + m459 + m461 + m464 + m465 + m472 + m476 + m479 + m480 - m492 - m493 - m495 - m497 - m500 - m501 - m508 - m512 - m515 - m516)
c72 = ( - m276 - m277 - m279 - m281 + m290 - m292 - m296 + m297 + m298 - m299 - m348 - m349 - m351 - m353 + m362 - m364 - m368 + m369 + m370 - m371 - m456 - m457 - m459 - m461 + m470 - m472 - m476 + m477 + m478 - m479 + m492 + m493 + m495 + m497 - m506 + m508 + m512 - m513 - m514 + m515)
c73 = (m390 + m391 + m394 + m396 + m402 + m403 + m405 + m409 + m412 + m414 + m462 + m463 + m466 + m468 + m474 + m475 + m477 + m481 + m484 + m486)
c74 = ( - m382 - m383 + m384 + m386 + m387 + m389 + m390 + m392 + m415 - m454 - m455 + m456 + m458 + m459 + m461 + m462 + m464 + m487)
c75 = ( - m389 + m394 + m396 + m397 + m399 + m402 + m403 + m405 + m409 + m412 - m461 + m466 + m468 + m469 + m471 + m474 + m475 + m477 + m481 + m484)
c76 = (m8 + m9 + m10 + m11 + m20 + m21 + m22 + m26 + m28 + m29 + m102 + m103 + m104 + m105 + m114 + m115 + m116 + m120 + m122 + m123 + m390 + m391 + m394 + m396 + m402 + m403 + m405 + m409 + m412 + m414 + m426 + m427 + m430 + m432 + m438 + m439 + m441 + m445 + m448 + m450)
c77 = (m1 + m2 - m6 + m7 + m13 + m19 + m24 - m25 - m42 + m95 + m96 - m100 + m101 + m107 + m113 + m118 - m119 - m136 - m382 - m383 + m384 + m386 + m387 + m389 + m390 + m392 + m415 - m418 - m419 + m420 + m422 + m423 + m425 + m426 + m428 + m451)
c78 = (m2 - m6 + m7 - m9 + m13 - m15 + m19 - m20 - m21 - m22 + m24 - m25 - m26 - m28 - m36 - m42 + m47 + m96 - m100 + m101 - m103 + m107 - m109 + m113 - m114 - m115 - m116 + m118 - m119 - m120 - m122 - m130 - m136 + m141 - m389 + m394 + m396 + m397 + m399 + m402 + m403 + m405 + m409 + m412 - m425 + m430 + m432 + m433 + m435 + m438 + m439 + m441 + m445 + m448)
c79 = (m282 + m283 + m286 + m288 + m294 + m295 + m297 + m301 + m304 + m306 + m354 + m355 + m358 + m360 + m366 + m367 + m369 + m373 + m376 + m378 + m462 + m463 + m466 + m468 + m474 + m475 + m477 + m481 + m484 + m486 - m498 - m499 - m502 - m504 - m510 - m511 - m513 - m517 - m520 - m522)
c80 = ( - m274 - m275 + m276 + m278 + m279 + m281 + m282 + m284 + m307 - m346 - m347 + m348 + m350 + m351 + m353 + m354 + m356 + m379 - m454 - m455 + m456 + m458 + m459 + m461 + m462 + m464 + m487 + m490 + m491 - m492 - m494 - m495 - m497 - m498 - m500 - m523)
c81 = ( - m281 + m286 + m288 + m289 + m291 + m294 + m295 + m297 + m301 + m304 - m353 + m358 + m360 + m361 + m363 + m366 + m367 + m369 + m373 + m376 - m461 + m466 + m468 + m469 + m471 + m474 + m475 + m477 + m481 + m484 + m497 - m502 - m504 - m505 - m507 - m510 - m511 - m513 - m517 - m520)
c82 = (m381 + m382 + m383 + m388 - m390 + m393 + m401 + m410 - m412 + m413 + m453 + m454 + m455 + m460 - m462 + m465 + m473 + m482 - m484 + m485)
c83 = (m381 + m382 + m383 - m386 - m390 + m393 + m401 + m407 + m410 + m411 + m453 + m454 + m455 - m458 - m462 + m465 + m473 + m479 + m482 + m483)
c84 = (m380 - m387 - m396 - m399 - m400 - m402 + m406 - m407 - m412 + m452 - m459 - m468 - m471 - m472 - m474 + m478 - m479 - m484)
c85 = (m5 + m6 + m14 + m16 - m34 + m38 + m39 - m40 + m43 + m45 - m46 + m99 + m100 + m108 + m110 - m128 + m132 + m133 - m134 + m137 + m139 - m140 + m381 + m382 + m383 + m388 - m390 + m393 + m401 + m410 - m412 + m413 + m417 + m418 + m419 + m424 - m426 + m429 + m437 + m446 - m448 + m449)
c86 = ( - m6 - m22 - m23 - m32 + m38 + m39 - m40 - m41 + m43 + m46 - m100 - m116 - m117 - m126 + m132 + m133 - m134 - m135 + m137 + m140 + m381 + m382 + m383 - m386 - m390 + m393 + m401 + m407 + m410 + m411 + m417 + m418 + m419 - m422 - m426 + m429 + m437 + m443 + m446 + m447)
c87 = ( - m6 + m19 - m20 - m30 + m32 - m36 - m37 - m38 - m39 + m40 - m43 - m45 - m100 + m113 - m114 - m124 + m126 - m130 - m131 - m132 - m133 + m134 - m137 - m139 + m380 - m387 - m396 - m399 - m400 - m402 + m406 - m407 - m412 + m416 - m423 - m432 - m435 - m436 - m438 + m442 - m443 - m448)
c88 = (m273 + m274 + m275 + m280 - m282 + m285 + m293 + m302 - m304 + m305 + m345 + m346 + m347 + m352 - m354 + m357 + m365 + m374 - m376 + m377 + m453 + m454 + m455 + m460 - m462 + m465 + m473 + m482 - m484 + m485 - m489 - m490 - m491 - m496 + m498 - m501 - m509 - m518 + m520 - m521)
c89 = (m273 + m274 + m275 - m278 - m282 + m285 + m293 + m299 + m302 + m303 + m345 + m346 + m347 - m350 - m354 + m357 + m365 + m371 + m374 + m375 + m453 + m454 + m455 - m458 - m462 + m465 + m473 + m479 + m482 + m483 - m489 - m490 - m491 + m494 + m498 - m501 - m509 - m515 - m518 - m519)
c90 = (m272 - m279 - m288 - m291 - m292 - m294 + m298 - m299 - m304 + m344 - m351 - m360 - m363 - m364 - m366 + m370 - m371 - m376 + m452 - m459 - m468 - m471 - m472 - m474 + m478 - m479 - m484 - m488 + m495 + m504 + m507 + m508 + m510 - m514 + m515 + m520)

res_mul_num: [36, 40, 40, 52, 38, 44, 18, 20, 20, 40, 36, 40, 42, 36, 54, 20, 18, 20, 40, 40, 36, 42, 40, 42, 20, 20, 18, 60, 37, 46, 34, 18, 24, 60, 37, 46, 43, 36, 61, 22, 18, 34, 43, 36, 61, 43, 40, 45, 22, 20, 24, 43, 40, 45, 36, 33, 39, 24, 22, 26, 36, 33, 39, 18, 20, 20, 52, 38, 44, 36, 40, 40, 20, 18, 20, 42, 36, 54, 40, 36, 40, 20, 20, 18, 42, 40, 42, 40, 40, 36]

res_add_num: [314, 402, 402, 405, 327, 364, 107, 147, 147, 403, 328, 414, 351, 279, 471, 141, 113, 147, 348, 359, 328, 303, 287, 313, 120, 126, 113, 646, 354, 440, 235, 125, 155, 477, 299, 349, 435, 343, 686, 160, 125, 253, 357, 290, 523, 390, 338, 431, 127, 108, 146, 286, 245, 310, 403, 349, 426, 158, 133, 165, 275, 233, 282, 65, 91, 91, 514, 426, 469, 326, 468, 468, 87, 69, 91, 455, 364, 606, 433, 346, 456, 73, 77, 69, 368, 347, 382, 369, 392, 346]

Sorted indices: [38, 27, 77, 44, 66, 33, 14, 68, 70, 71, 75, 80, 29, 36, 47, 78, 56, 67, 3, 11, 9, 1, 2, 54, 45, 88, 86, 84, 87, 5, 42, 76, 19, 35, 12, 28, 18, 85, 55, 79, 89, 37, 46, 4, 10, 20, 69, 23, 53, 0, 21, 34, 51, 22, 43, 62, 13, 60, 41, 52, 30, 61, 59, 39, 57, 32, 50, 7, 8, 17, 15, 58, 48, 25, 31, 40, 24, 16, 26, 49, 6, 64, 65, 74, 72, 82, 81, 73, 83, 63]
level0:
add0: b48 + b49
add1: b26 + b76
add2: b48 + b50
add3: b27 + b77
add4: b56 + b60
add5: b7 + b57
add6: b37 + b39
add7: b16 + b66
add8: b41 + b46
add9: b6 + b7
add10: b81 + b85
add11: b3 + b53
add12: b72 + b73
add13: b22 + b72
add14: b65 + b70
add15: b82 + b92
add16: b62 + b67
add17: b63 + b83
add18: b21 + b25
add19: b5 + b14
add20: b39 + b48
add21: b39 + b49
add22: b2 + b24
add23: b18 + b40
add24: b20 + b40
add25: b12 + b13
add26: b26 + b30
add27: b10 + b19
add28: b89 + b98
add29: b89 + b99
add30: b7 + b29
add31: b68 + b90
add32: b70 + b90
add33: b17 + b18

level1:
mul0: add0 * add1
mul1: add2 * add3
mul2: add4 * add5
mul3: add6 * add7
mul4: add8 * add9
mul5: add10 * add11
mul6: add12 * add13
mul7: add14 * add15
mul8: add16 * add17
mul9: b10 * add18
mul10: add19 * add20
mul11: b5 * add21
mul12: add22 * add23
mul13: b2 * add24
mul14: b29 * add25
mul15: b60 * add26
mul16: add27 * add28
mul17: b10 * add29
mul18: add30 * add31
mul19: b7 * add32
mul20: b79 * add33

bias：
key: (55, 59), bias: 30
key: (45, 55), bias: 12
key: (45, 59), bias: 6
Unexpected coefficient: u(55,22):2
Unexpected coefficient: u(59,22):2
Unexpected coefficient: u(50,69):2
Unexpected coefficient: u(54,69):2
Unexpected coefficient: u(55,69):-2
Unexpected coefficient: u(59,69):-2
Unexpected coefficient: u(20,116):-2
Unexpected coefficient: u(24,116):-2
Unexpected coefficient: u(50,116):2
Unexpected coefficient: u(54,116):2
Unexpected coefficient: u(55,116):-2
Unexpected coefficient: u(59,116):-2
Unexpected coefficient: u(55,163):2
Unexpected coefficient: u(59,163):2
Unexpected coefficient: u(80,163):-2
Unexpected coefficient: u(84,163):-2
Unexpected coefficient: v(0,211):2
Unexpected coefficient: v(1,211):-2
Unexpected coefficient: v(3,211):-2
Unexpected coefficient: v(4,211):2
Unexpected coefficient: v(30,211):2
Unexpected coefficient: v(31,211):-2
Unexpected coefficient: v(32,211):-2
Unexpected coefficient: v(33,211):-2
Unexpected coefficient: v(34,211):2
Unexpected coefficient: v(35,211):2
Unexpected coefficient: u(51,217):2
Unexpected coefficient: u(52,217):-2
Unexpected coefficient: u(81,217):-2
Unexpected coefficient: u(82,217):2
Unexpected coefficient: u(20,246):-2
Unexpected coefficient: u(24,246):-2
Unexpected coefficient: u(25,246):2
Unexpected coefficient: u(29,246):2
Unexpected coefficient: u(50,246):2
Unexpected coefficient: u(54,246):2
Unexpected coefficient: u(55,246):-2
Unexpected coefficient: u(59,246):-2
Unexpected coefficient: v(0,294):2
Unexpected coefficient: v(1,294):-2
Unexpected coefficient: v(30,294):2
Unexpected coefficient: v(31,294):-2
Unexpected coefficient: v(32,294):-2
Unexpected coefficient: v(50,294):2
Unexpected coefficient: v(51,294):-2
Unexpected coefficient: v(80,294):2
Unexpected coefficient: v(81,294):-2
Unexpected coefficient: v(82,294):-2
Unexpected coefficient: u(81,300):2
Unexpected coefficient: u(82,300):-2
Unexpected coefficient: v(50,330):-2
Unexpected coefficient: v(51,330):2
Unexpected coefficient: v(80,330):-2
Unexpected coefficient: v(81,330):2
Unexpected coefficient: v(82,330):2
Unexpected coefficient: u(81,336):2
Unexpected coefficient: u(82,336):-2
Unexpected coefficient: u(86,336):-2
Unexpected coefficient: u(87,336):2
Unexpected coefficient: v(0,366):2
Unexpected coefficient: v(1,366):-2
Unexpected coefficient: v(7,366):2
Unexpected coefficient: v(8,366):-2
Unexpected coefficient: v(30,366):2
Unexpected coefficient: v(31,366):-2
Unexpected coefficient: v(32,366):-2
Unexpected coefficient: v(37,366):2
Unexpected coefficient: v(38,366):-2
Unexpected coefficient: v(39,366):-2
Unexpected coefficient: v(50,366):2
Unexpected coefficient: v(51,366):-2
Unexpected coefficient: v(80,366):2
Unexpected coefficient: v(81,366):-2
Unexpected coefficient: v(82,366):-2
Unexpected coefficient: u(26,372):-2
Unexpected coefficient: u(27,372):2
Unexpected coefficient: u(81,372):-2
Unexpected coefficient: u(82,372):2
Unexpected coefficient: u(86,372):2
Unexpected coefficient: u(87,372):-2
Unexpected coefficient: v(7,402):2
Unexpected coefficient: v(8,402):-2
Unexpected coefficient: v(37,402):2
Unexpected coefficient: v(38,402):-2
Unexpected coefficient: v(39,402):-2
Unexpected coefficient: u(21,408):-2
Unexpected coefficient: u(22,408):2
Unexpected coefficient: v(3,438):-2
Unexpected coefficient: v(4,438):2
Unexpected coefficient: v(7,438):-2
Unexpected coefficient: v(8,438):2
Unexpected coefficient: v(33,438):-2
Unexpected coefficient: v(34,438):2
Unexpected coefficient: v(35,438):2
Unexpected coefficient: v(37,438):-2
Unexpected coefficient: v(38,438):2
Unexpected coefficient: v(39,438):2
Unexpected coefficient: v(53,438):-2
Unexpected coefficient: v(54,438):2
Unexpected coefficient: v(57,438):-2
Unexpected coefficient: v(58,438):2
Unexpected coefficient: v(83,438):-2
Unexpected coefficient: v(84,438):2
Unexpected coefficient: v(85,438):2
Unexpected coefficient: v(87,438):-2
Unexpected coefficient: v(88,438):2
Unexpected coefficient: v(89,438):2
Unexpected coefficient: u(21,444):-2
Unexpected coefficient: u(22,444):2
Unexpected coefficient: u(51,444):2
Unexpected coefficient: u(52,444):-2
Unexpected coefficient: v(57,474):2
Unexpected coefficient: v(58,474):-2
Unexpected coefficient: v(87,474):2
Unexpected coefficient: v(88,474):-2
Unexpected coefficient: v(89,474):-2
Unexpected coefficient: u(26,480):-2
Unexpected coefficient: u(27,480):2
Unexpected coefficient: v(0,510):2
Unexpected coefficient: v(1,510):-2
Unexpected coefficient: v(7,510):2
Unexpected coefficient: v(8,510):-2
Unexpected coefficient: v(30,510):2
Unexpected coefficient: v(31,510):-2
Unexpected coefficient: v(32,510):-2
Unexpected coefficient: v(37,510):2
Unexpected coefficient: v(38,510):-2
Unexpected coefficient: v(39,510):-2
Unexpected coefficient: v(50,510):2
Unexpected coefficient: v(51,510):-2
Unexpected coefficient: v(57,510):2
Unexpected coefficient: v(58,510):-2
Unexpected coefficient: v(80,510):2
Unexpected coefficient: v(81,510):-2
Unexpected coefficient: v(82,510):-2
Unexpected coefficient: v(87,510):2
Unexpected coefficient: v(88,510):-2
Unexpected coefficient: v(89,510):-2
Unexpected coefficient: u(26,516):-2
Unexpected coefficient: u(27,516):2
Unexpected coefficient: u(86,516):2
Unexpected coefficient: u(87,516):-2
Unexpected coefficient: v(0,546):2
Unexpected coefficient: v(1,546):-2
Unexpected coefficient: v(7,546):2
Unexpected coefficient: v(8,546):-2
Unexpected coefficient: v(30,546):2
Unexpected coefficient: v(31,546):-2
Unexpected coefficient: v(32,546):-2
Unexpected coefficient: v(37,546):2
Unexpected coefficient: v(38,546):-2
Unexpected coefficient: v(39,546):-2
Unexpected coefficient: u(21,552):-2
Unexpected coefficient: u(22,552):2
Unexpected coefficient: u(26,552):2
Unexpected coefficient: u(27,552):-2
Unexpected coefficient: u(81,552):2
Unexpected coefficient: u(82,552):-2
Unexpected coefficient: u(86,552):-2
Unexpected coefficient: u(87,552):2
Unexpected coefficient: u(55,581):2
Unexpected coefficient: u(59,581):2
Unexpected coefficient: u(85,581):-2
Unexpected coefficient: u(89,581):-2
Unexpected coefficient: w(3,84):2
Unexpected coefficient: w(3,178):2
Unexpected coefficient: w(5,84):-2
Unexpected coefficient: w(5,178):-2
Unexpected coefficient: w(12,88):-2
Unexpected coefficient: w(12,182):-2
Unexpected coefficient: w(27,84):2
Unexpected coefficient: w(27,131):-2
Unexpected coefficient: w(27,261):-2
Unexpected coefficient: w(29,84):-2
Unexpected coefficient: w(29,131):2
Unexpected coefficient: w(29,261):2
Unexpected coefficient: w(30,37):2
Unexpected coefficient: w(30,84):2
Unexpected coefficient: w(32,37):-2
Unexpected coefficient: w(32,84):-2
Unexpected coefficient: w(33,37):2
Unexpected coefficient: w(33,178):-2
Unexpected coefficient: w(33,596):2
Unexpected coefficient: w(35,37):-2
Unexpected coefficient: w(35,178):2
Unexpected coefficient: w(35,596):-2
Unexpected coefficient: w(36,88):-2
Unexpected coefficient: w(36,135):2
Unexpected coefficient: w(36,265):2
Unexpected coefficient: w(39,41):-2
Unexpected coefficient: w(39,88):-2
Unexpected coefficient: w(42,41):-2
Unexpected coefficient: w(42,182):2
Unexpected coefficient: w(42,600):-2
Unexpected coefficient: w(66,37):-2
Unexpected coefficient: w(66,131):-2
Unexpected coefficient: w(68,37):2
Unexpected coefficient: w(68,131):2
Unexpected coefficient: w(75,41):2
Unexpected coefficient: w(75,135):2
arr0:
[[0.81826649 0.55327085 0.20504841 0.39911429 0.19396145 0.15137153
  0.96972401 0.03293334 0.34921937 0.28484072]
 [0.72832794 0.61668649 0.79174501 0.55546747 0.69209236 0.59993348
  0.01784185 0.93551829 0.64843169 0.28538607]
 [0.5529915  0.64316127 0.83090858 0.33766674 0.88421673 0.85271604
  0.30673415 0.10119913 0.69540872 0.70077742]
 [0.1460007  0.6788458  0.5414438  0.19527673 0.08914162 0.64847291
  0.94125526 0.30548104 0.85755633 0.56237964]
 [0.96478292 0.48883087 0.98861376 0.40614902 0.90138891 0.67805419
  0.4336324  0.71914139 0.4110131  0.00181295]
 [0.47148777 0.28998537 0.21916629 0.37351208 0.68210845 0.04447247
  0.04138456 0.14180456 0.56214679 0.37029222]
 [0.01094973 0.44708012 0.0447228  0.00890995 0.28667176 0.11920938
  0.82047574 0.74350951 0.22889519 0.44256273]
 [0.81571437 0.4846532  0.52999256 0.91728156 0.90556174 0.27539903
  0.89567483 0.23358421 0.41769135 0.92079975]
 [0.78547458 0.54390274 0.75203759 0.01695509 0.92121408 0.73034446
  0.34809413 0.51556071 0.82864314 0.82547101]]
arr1:
[[0.42800281 0.08473794 0.53266715 0.29351004 0.73270521 0.28526828
  0.33817868 0.1632644  0.12185767 0.59774299]
 [0.0056132  0.82478907 0.7980755  0.59274349 0.77784826 0.93692044
  0.32398944 0.02989799 0.92517052 0.83661521]
 [0.09683752 0.06624231 0.15031314 0.91945364 0.34546161 0.69282896
  0.44543361 0.47477308 0.65413184 0.77669461]
 [0.78160637 0.21247672 0.56583633 0.56530975 0.56278124 0.44306642
  0.86548881 0.49953251 0.95534736 0.34513474]
 [0.60327409 0.01208935 0.99257536 0.93285123 0.7724945  0.35226325
  0.88800333 0.14998729 0.30082436 0.52993625]
 [0.13836072 0.79580661 0.56074859 0.25997139 0.90654092 0.19981723
  0.99849835 0.33216411 0.92450589 0.77888292]
 [0.60782262 0.53327219 0.62987259 0.71592289 0.8339846  0.75745403
  0.30156685 0.63321599 0.06087664 0.75267104]
 [0.91509478 0.083319   0.29578869 0.96611668 0.70686901 0.19486118
  0.54258951 0.58073087 0.22197909 0.09931507]
 [0.01644711 0.71253735 0.12445403 0.84753053 0.98926203 0.43547416
  0.07769818 0.29670881 0.4385316  0.17455211]
 [0.95960243 0.14346147 0.23502647 0.99385938 0.46195875 0.31790378
  0.36252768 0.50437247 0.02518335 0.96850157]]
res:
[[1.72172322 1.556429   2.14242389 2.50769303 2.92148647 2.15283272
  1.65682348 1.40668187 1.55195663 2.53966358]
 [2.47799872 1.81705691 2.77252481 4.17266971 4.12743831 2.51279478
  3.15996376 1.98472078 2.9709992  3.08790228]
 [2.19903709 2.16144989 2.95400795 4.14815336 4.17763347 2.74516172
  3.14986539 1.90132968 2.94661148 3.80428209]
 [1.82028637 2.38588969 2.18565997 3.55992665 3.69776084 2.62500997
  2.12626841 1.93902587 2.32824417 3.12860901]
 [2.39661171 1.77150308 3.09478735 4.08401558 4.24565937 2.6992732
  3.30755658 2.01987993 2.86886041 3.37078935]
 [1.45373847 0.9042056  1.65384954 2.38188673 2.28610796 1.39419404
  1.59175497 0.95547733 1.36208896 1.72166958]
 [1.81546084 1.19893607 1.59500782 2.55234332 2.34647932 1.58846317
  1.37885527 1.36588164 0.97568833 1.82312502]
 [3.35316572 1.8558     3.37490632 4.58495277 4.37385784 3.03298387
  3.3050959  2.37596978 2.61055465 3.97772932]
 [2.57123078 2.09838104 2.96790841 4.57321524 4.49747497 2.7200566
  3.08714731 2.07281444 2.57918884 3.82885683]]
res_ref:
[[1.72172322 1.556429   2.14242389 2.50769303 2.92148647 2.15283272
  1.65682348 1.40668187 1.55195663 2.53966358]
 [2.47799872 1.81705691 2.77252481 4.17266971 4.12743831 2.51279478
  3.15996376 1.98472078 2.9709992  3.08790228]
 [2.19903709 2.16144989 2.95400795 4.14815336 4.17763347 2.74516172
  3.14986539 1.90132968 2.94661148 3.80428209]
 [1.82028637 2.38588969 2.18565997 3.55992665 3.69776084 2.62500997
  2.12626841 1.93902587 2.32824417 3.12860901]
 [2.39661171 1.77150308 3.09478735 4.08401558 4.24565937 2.6992732
  3.30755658 2.01987993 2.86886041 3.37078935]
 [1.45373847 0.9042056  1.65384954 2.38188673 2.28610796 1.39419404
  1.59175497 0.95547733 1.36208896 1.72166958]
 [1.81546084 1.19893607 1.59500782 2.55234332 2.34647932 1.58846317
  1.37885527 1.36588164 0.97568833 1.82312502]
 [3.35316572 1.8558     3.37490632 4.58495277 4.37385784 3.03298387
  3.3050959  2.37596978 2.61055465 3.97772932]
 [2.57123078 2.09838104 2.96790841 4.57321524 4.49747497 2.7200566
  3.08714731 2.07281444 2.57918884 3.82885683]]

Result: True

